5337800 5145800
11766100 1113000
14428400 2635500
15271900 806800
16139300 848200
16968600 806900
18245800 1209100
19667600 1349500
20589300 871700
21535300 892200
22580500 1027100
23534900 907600
24839900 1259000
26196000 1331100
27506200 1283200
28408600 876700
30024600 1495300
30857300 792200
31715700 833600
32571800 833800
33405700 814400
34131200 709100
34916000 768600
36466700 1490500
37582800 1069500
38711500 1085200
39679700 910100
40261900 567800
41041700 744700
42154500 1095100
43052400 874500
43838100 764300
44549700 696300
45375500 782000
46167400 775100
46892000 688200
47694400 777300
48414700 687100
49241800 791600
50056700 724900
50897400 815700
52147500 1223000
53765600 1590200
54773000 963000
55733300 941300
58116800 2359000
59087900 949500
59981900 877300
60798000 756800
61660000 816400
62492400 804400
63093200 576700
63830900 682100
64557000 696100
65322500 741600
66114100 775400
66871900 737600
67538900 652700
68114300 562900
69248300 1112800
70675600 1191200
71477200 783900
72660100 1147300
73513400 812300
74400700 854000
75221300 793600
76078600 802900
76768500 668600
77466900 681700
78231000 742500
78972900 723500
79647100 655000
80349800 680700
80942700 575100
81665700 706500
82419100 723200
83009600 574000
83682600 653000
84569300 871600
85224200 634300
86020200 777500
86827600 772900
87526300 669600
88349500 795600
89402300 1021000
90152900 726600
91582300 1405900
92544200 918200
93411600 836000
94202000 735900
94900200 676800
95601400 679400
96401600 778200
97230000 798700
98033400 779300
98890500 830500
99572000 657000
100373500 780500
101046400 649300
102216200 1147900
103170100 914000
104010600 804000
104826300 784300
105579300 719700
106352100 752100
107167500 783200
107976200 782800
108941300 926700
109947600 958500
110819100 823500
111725900 869300
112399800 662100
113040900 627900
113619900 557100
114291300 653300
114896100 588700
115363200 449100
115999300 621100
116714600 695700
117351800 622400
118029800 661200
118954700 905300
119654200 676100
120454200 775500
121239300 757400
121959700 697200
122702200 717900
123571900 851800
124828300 1238300
125661600 816000
126468900 767000
127247600 723500
128037100 761100
128944000 886100
129702000 728800
130351300 630400
131076100 701400
131790500 689800
132440100 631100
133130400 668200
133832400 677900
134502400 650200
135271000 754800
136333800 1031400
137178300 779700
138414300 1199600
139537200 991700
140199700 586300
140844600 630900
141807000 929400
143047000 1198500
143844800 718000
144323600 458400
144915800 576700
145485300 554600
146043800 539900
146604900 542600
147182600 562600
147815900 613900
148479000 643800
149098800 598200
149660300 546000
150286100 609900
150860800 557300
151438200 561000
152159400 699800
152794700 601000
153520600 698600
154256600 667500
155012800 733200
155630800 596500
156255900 611500
157221200 932100
157999100 743200
158825300 796400
159418500 568200
159983000 546200
160533400 532900
161151700 603200
161760700 590600
162417800 639100
163047000 611500
163648700 576900
164295500 570800
164833500 522600
166122100 1274400
166640800 501800
167132300 475900
167628800 478900
169103000 1456000
185106300 15970900
185836200 706300
186312100 458200
186817200 486900
187552600 714100
188187900 609300
188994500 770700
189700300 675300
190414900 688000
191376200 935000
192001800 584300
192667400 603800
193156400 471700
193647800 472900
194168900 502300
194655200 470100
195103100 432600
195700600 578300
196207800 489600
196746300 510000
197353800 592700
197942200 574600
198500100 545300
199087800 567300
199667800 561900
200209300 528400
200811000 579600
201395300 564700
202104800 694100
204701300 2552100
205438400 685200
206045500 583400
206845900 783900
207617400 724600
208262800 609100
208888800 607400
209362300 451700
210098600 721500
210749100 632200
211243700 480400
211751900 490600
212353700 585900
212942200 576000
213556500 584600
214183400 605000
214680300 478900
215173300 475100
215668800 479600
216120600 437000
216643800 508500
217259000 600400
217691400 420500
218256700 548800
219003300 722700
219688100 649400
220496000 777600
221308700 696900
222121500 780200
223069400 886800
223913000 814100
225572200 1618200
226607500 992900
227519000 872200
228351200 779900
229405100 960400
230286500 841800
231109800 802000
231864100 714000
232542300 660200
233207600 643800
233941400 708900
234630900 673100
235578200 915500
236341100 702800
237181800 802000
237974300 771200
238797200 785300
239609300 769500
240375700 740100
241323400 869000
242050400 706900
242928100 830700
243745500 780500
244637200 851700
245801500 1129700
247170000 1312500
248066500 823500
249014600 902800
249763500 727400
250641700 840300
251424400 746400
252565000 1091500
253791100 1176800
256089800 2272900
257931500 1727800
259497600 1495400
260450700 870700
261300800 795800
262178300 838200
263047700 848200
264068400 949500
265037000 937000
265938400 867700
266861600 875200
267683000 792600
268585100 857500
269494600 852500
270466200 918000
271362200 838900
272217000 819400
273038600 773600
273720400 655100
274411700 661200
275490900 1041400
276334700 797500
277338100 948700
278186700 768100
278969600 748600
279666300 669400
280289100 607600
281024000 690200
281750000 709100
282494600 722200
283169400 652400
283649500 464100
284188900 519700
284778100 576000
285543100 739300
286082500 522900
286761800 623400
287435500 657400
288197600 735500
288989800 770100
289829100 786300
290475600 628400
291295500 787200
292304400 990100
293006200 678300
293533800 506600
294060500 504900
294650400 575300
295283700 612900
295935400 634700
296499700 551000
297121100 600400
297628900 494700
298235800 587400
299007700 743400
299702000 662000
300292100 568400
300876200 568500
301348600 457200
302227700 857500
302932000 682300
303580200 610300
304366900 714900
305023900 628400
305860400 813300
306738300 839300
307569400 783300
308328800 726200
309003800 649100
309583100 547300
310092800 487400
310756200 641000
311388500 608700
311907700 497500
312588600 663500
313273500 661900
313963500 648000
314454000 472200
315131700 665200
315806200 642500
316395100 571800
316896000 481100
317491400 585000
318030100 524300
318760100 716000
319464400 664200
320136500 651900
320802700 633900
321531800 705300
322191300 631500
322851500 642600
323401500 517000
324211500 760600
324936000 687900
325443900 485900
325923900 463700
326553200 614400
327066900 494700
327636400 554500
328153400 506700
328709000 542000
329199900 471400
329795000 581000
330224000 418400
330768100 522600
331277500 488600
331838200 550100
332437300 583400
332948200 496600
333432600 465300
333894800 449200
334408300 498900
334961100 537400
335691300 704800
336543900 806100
337284800 712200
337945000 621800
338923600 961900
339866100 898300
340811700 906500
341673800 823500
342554800 781700
343235200 647400
343786400 534100
344374600 572000
344997000 606100
345539900 530000
346034300 467100
346563000 511700
347121300 543400
347795600 660200
348421800 608500
349011500 573400
349583900 557500
350093300 489800
350683100 569900
351259100 564800
352056800 774800
352906600 806500
353704800 768800
354555700 820600
355200800 625700
355881000 656300
356526400 623400
357705300 1153700
358752100 993100
359486400 713400
360097800 584800
360751500 634400
361324300 548000
362076300 728000
362701200 611200
363291000 567100
363945400 624100
364653500 686000
365252300 581500
365823100 548500
366361200 495700
366911000 537000
367531800 600800
368094200 548700
369023400 884700
369731300 681900
370416500 656900
371036600 600700
371724900 667400
372364600 623500
373082900 698900
373794600 690700
374539600 712500
375120100 561800
375615500 479700
376077500 447900
376707400 524400
377247400 528400
377832100 569400
378401100 554800
378996500 579700
379608500 597100
380240500 612600
380747400 489300
381264900 502900
381733000 455400
382237200 490500
382803600 553700
383845100 1028400
414811300 30935800
415541700 710300
416192600 626400
416862600 653600
417605400 715500
418321700 688700
419079600 742600
419828600 708700
420589400 733600
421462100 846600
422263200 759500
422963400 662100
423750000 756700
424540600 759300
425043600 482200
425754900 694900
426485800 699100
427308900 800100
428069200 719100
428971400 875400
429766300 761600
430422800 622600
431303500 848300
432190500 855400
433836900 1608200
434643000 774200
435423800 763900
435996200 549800
436639100 624000
437319500 662400
438076200 723600
438919900 805500
439552800 601600
440303500 724700
441125100 797300
441964100 802900
442631000 633300
443279500 637600
443907200 610700
444490900 566400
445028900 522700
445519300 478700
445972300 442500
446448000 463600
446911900 449900
447497500 569300
448125300 608800
448754000 610500
449368300 595900
449959100 572000
450587400 613800
451044600 441900
451559200 500900
452148300 568700
452756300 585800
453380400 603500
454129500 716600
454830200 676800
455783000 919700
456427500 626100
457170400 721100
457912900 720600
458728500 777700
459527900 762000
460131800 588100
460722100 572100
461290700 553000
461862000 555900
462585300 707000
463212300 609800
463714700 488500
464223800 492800
464737200 492800
465385000 631900
466078100 674600
466720400 625600
467398100 659800
468012700 600000
468828600 796600
469736500 862000
470561200 791600
471537200 928300
472402400 829500
473374200 925100
474285400 858300
475039000 721500
475798300 733900
476487400 668700
477371800 842200
478969000 1558600
479826800 819900
480571600 687800
481208000 615100
481874800 646400
482596400 691000
483180700 566900
483717500 519100
484283100 551300
484888200 589600
485494900 571300
485977800 465600
486548300 553400
487217100 643400
487785600 541500
488390100 586000
489157500 741200
489993800 794800
490717200 677400
491295500 557400
491877200 565800
492444300 524100
493036200 580000
493606900 558300
494126400 508400
494700600 560000
495279800 566000
495881200 589200
496499500 601300
497125800 611200
497625100 469800
498186600 545800
498832100 629900
499356700 496000
500064800 692300
500676000 598400
501251200 554900
501867700 606200
502707400 818000
503476200 740100
504403500 910600
505253000 814100
506092500 799200
506755000 644000
507964500 1176700
508920700 897300
509908500 934200
510709700 762900
511447700 717400
512202400 729300
512900900 674600
513555500 635400
514338300 720600
514965300 604900
515619800 633000
516220700 585000
516839000 598600
517524300 663300
518218800 671000
518933000 687200
525184500 6210500
525986600 717800
526608100 598600
527236400 606200
527838900 584300
528389100 534400
529023800 617900
529580300 540400
530290900 692700
530846400 537600
531384600 526800
531952800 553500
532474800 508000
533090900 604200
533985600 882000
534566900 562800
535471600 879300
536122000 632300
536696900 555400
537269700 556500
537871000 580600
538449400 559100
539138100 671600
541757900 2604500
546231900 4430100
547404800 1153200
551344900 3900900
554859800 3460000
556047800 1127900
557428200 1359300
561996900 4533800
562877100 864100
563480400 579100
564095900 596100
564688300 572500
565301900 599200
565883500 563600
566450900 554400
567089700 624300
567690700 585300
568434200 730800
569075200 621300
569688000 592600
570303200 598700
570906300 587800
571508600 586700
572106400 582300
572724200 602900
573316100 572000
573887700 556500
574492600 585700
575057400 551000
575591200 520000
576142400 539700
576652300 499000
577183600 519300
577770900 574500
578325300 531000
578966100 628300
579552700 567100
580150300 577600
580859400 678100
581558600 677200
582199300 603100
582809800 588700
583428600 604200
584033500 584200
584614700 561100
585176600 548800
585843500 649300
586461600 595000
587091200 610000
587682200 575600
588275600 571900
588935100 639600
589472900 523400
590188400 695200
590753500 547200
591547500 776200
592124500 551600
592752300 607100
595214600 2437800
596060500 827600
596774700 682000
597388200 588200
598095500 677300
598832500 711900
599528900 658800
600207100 666100
601203800 959800
602187700 926700
603294800 1057200
604247600 898100
605037600 760800
605819600 744500
606531600 674100
607253900 700100
607989400 701300
608750500 729500
609509000 723400
610368600 827800
611147400 747400
611916300 727400
612694500 740200
613622400 867000
614398700 721200
615191200 757300
615935200 703800
616677900 703400
617403400 692000
618196800 760200
619110200 879100
619916600 771100
620643600 688900
621419500 740400
622165600 702500
622896500 696400
623578200 645500
624230300 620700
624938900 680500
625720000 749600
626437300 688700
627154700 677700
627848200 659100
628523200 649700
629262700 707500
630181100 880100
630963200 743400
631774200 766200
632626200 808800
633339800 682500
634040900 669200
634868500 792000
635514700 620700
636238900 693000
636992700 728400
637672400 647800
638477200 778900
639236900 715400
639960700 695300
640750000 757600
641424700 644100
642103300 654600
642868900 731000
643664600 760900
644395400 698900
645124600 694900
645885600 726500
646565100 648500
648691900 2105700
649557800 839100
650430800 830800
651251600 782100
651967300 679600
652583400 593000
653251200 635500
653948300 667500
654635500 650700
655319600 651000
656204600 852900
657022700 783800
658073600 997200
658884900 780500
659635000 718300
660354700 694500
661053200 659700
661761600 678000
662528800 730100
663471700 908700
664263000 743800
665003100 707900
665691500 653600
666419000 701400
667124300 672200
667793100 649000
668509600 686500
669200800 661400
670113300 877000
670890900 730600
671640500 716900
672326800 652100
672970700 622500
673728700 726900
674529500 759400
675433200 860300
676129700 667600
676850800 689800
677560900 679000
678322800 723400
679047300 689500
679861900 782200
680603600 709100
681300200 674000
682040300 711800
682804800 736500
683528300 690300
684229400 676100
684938400 681100
685571200 610800
686227300 626300
687000300 752300
687617600 589300
688217600 577000
688910700 666600
689548700 616400
690165300 592800
690750700 564300
691292200 529000
691929600 607700
692620500 662200
693389400 736800
694151900 730100
694816000 634100
695447700 601500
696119400 648200
696941200 799700
697743400 763100
698411200 635200
698991100 564300
699585200 569900
700173600 565800
713035500 12839500
758235300 45153400
759305600 998600
760118600 763600
760798600 648700
761549100 708200
762177800 608500
762857800 657600
763540000 645100
764136600 574100
764719100 567900
765313300 577800
765868100 538700
766434800 551400
767008900 559300
767588600 565100
768191800 584600
769169800 957200
769940400 752200
770621800 648200
771204000 560800
771805600 577800
772388100 570000
773098100 684800
773720100 596700
774457600 708700
775429800 939200
776146100 687300
776859400 688000
777552300 671700
778195600 621600
778981200 766500
779695900 688900
780415300 691900
781155500 707900
781812100 630000
782467500 609000
783244400 742600
783970100 692200
784735800 744400
785523700 753300
786266100 710800
787032900 732900
787828800 763700
788669900 785900
789679200 961900
790387600 685400
791123800 690000
791800900 642600
792496600 668800
793232100 694300
793942800 679800
794608200 638600
795326200 677900
795924100 580000
796622700 677700
797360600 700800
798145100 749600
798888400 719800
799578100 670600
800242200 630100
800878900 615500
801761000 863800
802532500 733800
803225700 669100
803965400 721000
804704900 705900
823340600 18603600
831869100 8441400
833285000 1374600
834142600 834300
835169700 995100
836997800 1772300
837995200 936200
838883400 858100
839840500 918300
840776200 896900
841689900 884800
842681600 909500
843450100 732100
844229800 761300
845045400 750300
845965700 884600
846811000 809000
847639700 807700
848345000 671700
848978400 610900
849640400 641800
850260700 605700
850936500 642300
851688700 726400
852553100 837200
853404200 829700
854319400 874800
855100900 726800
855809600 681500
856482000 655400
857253400 746500
858106700 804900
858971700 820100
859847100 822900
860590600 711800
861313700 692900
862086500 746700
862742900 637200
863364200 601900
864381200 999200
865205500 792600
865741800 518000
866304900 543900
866943800 617900
867654400 686700
868647100 970900
869461300 778800
870135100 642000
870914600 748200
871644800 697300
872549000 830900
873411200 804200
874297100 780300
875016200 694800
875821800 741500
876819300 961200
877629700 780900
878345400 690800
879154300 771700
879832000 652600
880569200 710400
881353100 759500
882069400 686900
882802800 700100
883409300 584500
884072400 644700
884830700 739000
885598400 732100
886401500 772900
887107800 678800
887940100 809800
888901700 931600
889668500 725000
890365000 661600
891040200 652300
891762300 699200
892450200 664400
893213500 736900
893928700 688400
894626400 676900
895664700 1007400
896483700 776300
897303900 775600
898039600 710700
898890300 819300
899643900 728800
900182600 514100
900802100 587600
901525600 705600
902300800 746700
903114300 785200
903942200 793500
904682200 708400
905433200 719300
