9973200 9936400
11096700 874900
11764400 645600
12482500 700900
13535900 1028400
14692200 1095400
15684100 912100
16478600 754500
17893600 1359900
18625400 704300
19507800 859500
20361200 818800
21131300 742800
21793000 633300
22731800 913600
59179500 36403600
60685900 1482200
61455700 728700
62218600 720100
63087800 857000
63978200 862800
64962700 957100
65549500 569800
66230700 660900
66915400 668000
67749100 795800
68554500 786400
69095900 526500
69819100 704400
70665500 813600
71382400 698800
72058700 663500
72893000 813400
73671600 756400
74432400 727200
75207500 750700
75905400 681100
76687500 761400
77322600 603700
78032600 675300
78742700 681900
79429100 661100
80295300 831400
81044000 718600
81979200 899200
82803000 768500
83602300 785100
84394400 757400
85146900 724800
85852200 673800
86553200 685000
87226200 635000
87955900 713500
88640900 670400
89225000 567200
89875300 622000
90598900 712300
91542300 910700
92212600 648800
92847000 613600
93524600 660200
94324200 779500
95094400 755300
95823500 709300
96552300 698900
97347200 759800
98117100 752200
99045500 892900
99767200 705700
100545400 703000
101224500 621900
101825100 575000
102549700 688600
103504700 938800
104302600 778200
105202500 853300
105980600 744600
106656700 651000
107317300 637800
107919700 586700
108519100 584000
109148500 616800
109690900 527100
110280000 570200
110990600 694500
111721600 708900
112325600 581200
113025700 676100
113896900 840600
114673200 754600
115422000 710700
116209000 758600
116973000 728000
117671900 678000
118340700 652300
118963300 604500
119610300 630700
120265000 634400
120852800 569100
121472600 601200
122084200 596000
122592500 492500
123419000 812400
124179800 724600
124910000 693200
125686800 753500
126439700 726300
127068600 607900
127685800 601000
128384800 664700
129011500 601200
129649800 623000
130267200 600000
130856000 568500
131342600 471100
131932000 571300
132403000 456600
132976200 556000
133620100 631000
134156300 513600
134746500 570100
135255600 496200
135732000 456400
136210000 462700
136668200 444400
137220400 539000
137759400 528000
138383500 612600
138853100 453600
139361700 494300
139941000 564300
140524700 565900
141083500 547300
141734100 634700
142298000 528700
142900200 576000
143471500 549900
144041200 535900
144640700 586000
145230200 569400
145933400 651300
146636000 658700
147326100 667400
147988900 637700
148620600 614000
149372400 724400
150132400 733100
150867900 713600
151591500 696100
152203400 579400
152756600 539400
153440400 667000
154089600 618900
154726600 613900
155326100 579400
155904600 524200
156425700 490400
157014200 571200
157608600 577600
158194300 570600
158851800 613900
159396900 526800
159966400 551200
160520100 531400
161020100 481100
161539300 507300
162143000 583400
162709500 548300
163421500 692700
163982600 540700
164672500 662300
165184300 488300
165706800 495500
166396100 668400
167020600 583500
167580000 542800
168167500 570200
168732500 547300
169174100 428300
169661800 462200
170181100 505700
170735400 536700
171191200 442200
171702600 480700
172174600 455800
172638100 446900
173102800 445700
173662800 545800
174254900 574800
174825100 555600
175443200 599400
176484400 1010500
177001100 474800
177527800 511100
177977700 436600
178533600 545200
179049800 502300
179552800 492600
180137600 572000
180592200 442600
181115000 508800
181827100 697700
182583900 730400
183392900 774000
184127800 714300
184736500 559200
185440500 688300
185893200 439300
186421500 515900
186961600 525700
187483100 509900
188020600 524300
189262200 1226400
189741400 460900
190348900 591200
190933500 570500
191483300 536700
191968500 472400
192425900 444500
192855600 419100
193377600 508200
193979400 586500
194562400 562600
195054800 475100
195610600 540000
196308700 676100
196801700 475400
197428400 610900
198061900 612500
198830100 751100
199324700 481600
199971100 624400
200872900 866500
201530300 633900
202230200 668700
202868700 611500
203541000 648100
204251900 696700
204977400 691400
205806800 808600
206415200 591400
206982200 554200
207595300 594800
208119700 507800
208563600 428700
209021000 441000
209554100 523300
210010700 437400
210593900 570700
211135100 525100
211875700 721700
212450600 557400
212993200 527400
213695600 683300
214237700 521600
214719200 462900
215276100 538900
215906800 610800
216649200 725600
217321800 637700
217954500 612200
218616600 645800
219194500 557800
219805900 589400
220388900 560800
220945100 536000
221555700 596700
222242900 658400
222905800 635000
223535700 609000
224181700 587600
224725000 517700
225197000 455100
225817500 600700
226421000 587800
226973900 542800
227489700 500300
228068900 566200
228631900 539800
229216900 571200
229772600 537800
230231200 444900
230750700 505000
231316600 547000
231857300 520100
232436700 555300
233175500 722700
233912500 709800
234571800 633600
235149500 561400
235695700 524300
236306200 583800
236828500 508100
237442800 598900
238039000 583300
238684000 625300
239313700 605200
239776100 445600
240249200 454400
240737600 473200
241221500 467600
241695300 453200
242217900 500700
242878000 633100
243504200 609700
244114700 591600
244715600 577500
245248200 517000
245790600 528100
246460700 654200
247122000 642200
247757700 614400
248532700 749700
249035700 474500
249569100 511600
250401100 809900
250911000 486800
251417300 485700
251869100 434800
252519300 635900
253278500 727400
254086400 765000
254816800 689500
255429300 593800
256045000 594500
256615500 551000
257223800 589300
257789800 550800
258377000 575400
258884700 490000
259395300 489900
259973800 561600
260606400 617800
261167600 533300
261700200 513000
262274400 552100
262746000 453600
263258800 497200
264303000 1028100
288989000 24642200
289547300 539200
290061100 500200
290518800 442000
290975700 440800
291528500 538900
292072000 528000
292699600 614600
293439200 713300
294108900 641500
294702500 576900
295238100 520200
295696500 444100
296208700 499600
296763300 531900
297325000 546700
297994800 650800
298640700 613700
299992500 1330300
300824400 783500
301405600 559900
301975100 553000
302499700 503100
303039300 526300
303568900 514700
304132800 549100
304668900 517600
305227900 543500
305787500 547600
306305200 499400
306982900 652500
307649800 643600
308292500 618600
308867700 554300
309487900 598100
310068500 562300
310734000 646100
311216600 467400
311784800 553700
312326000 527900
313632000 1290300
314333300 676900
314890200 542900
315486800 580500
316013200 514600
316615600 588400
317223400 581500
317960500 714600
318537200 556300
319117300 561300
319681500 548800
320274400 575800
320873900 579700
321436700 545800
322070800 619300
322688300 600400
323536400 828300
324109200 540700
324618000 496700
325227800 577800
325848500 602700
326488600 623200
327308500 802500
327957700 631800
328631500 643200
329238500 561500
329829700 574800
330376700 534100
330966800 573700
331542400 560700
332111400 555700
332663800 535300
333261900 569700
334087100 771900
334716700 613000
335277400 534900
335809200 520200
336387000 564200
336958000 556800
337491200 520800
338078400 575200
338639900 548600
339205900 551300
339813800 592700
340465400 637500
341226700 731600
342115600 851100
342831100 686800
343576200 717800
344313300 700900
345108400 765200
345915300 778100
346668300 722300
347416300 708100
348207800 750400
348965600 729500
349866100 855700
350930500 1030400
351579300 631800
352268900 662200
352899500 595200
353470800 549700
354143000 645200
354769000 601700
355367700 578200
356121500 733100
356713300 574300
357341900 609100
357970200 609400
358600800 605700
359304600 675400
359951500 623400
360781700 805400
361843400 1022000
362910100 1004300
363758000 811700
364551400 751000
365211300 636600
365889000 654800
366598300 676900
367350300 713900
368020700 654100
368662900 616100
369347700 658700
370017100 650700
370780100 736900
371350600 556200
371990100 620300
372581000 577200
373276200 678300
374029900 727800
374833200 756200
375532900 682600
376085200 537700
376774500 678100
377469000 670600
378090100 603300
378749700 630300
379335900 571100
381072500 1723600
381924800 801500
382568100 619300
383188900 609700
384096000 875800
384990000 776900
385684500 661800
386179300 474100
386668500 475100
387220200 537100
387694600 458400
388236700 529000
388830900 581000
389256500 415300
389706100 435300
390126300 408700
390534100 397500
391074200 527400
391621300 532500
392058400 421600
392606200 534800
393262200 631700
393894100 615000
394421400 501800
394907900 470300
395364600 445900
395869000 488100
396339800 454500
396973900 617900
397504600 513300
397972400 454100
398461300 477100
399195600 721600
399890200 677200
400615900 698700
401298300 657600
401846800 522000
402338700 473000
402934700 582700
403589900 634900
404154300 538300
404762800 594300
405402700 622000
405883200 466400
406477500 584200
407000200 509500
407560200 542500
408120800 517600
408692200 552600
409335700 617000
409871700 519300
410427100 542100
410874400 435800
411336500 442700
411777700 427600
412281500 487300
412822600 530000
413431800 597200
414012500 566300
414607600 581200
415190700 563500
415831100 619000
416322600 478300
416968900 628100
417594900 604300
418132300 516900
418666800 521000
419192500 510700
419845400 637200
420369800 511300
420825500 439900
421383100 543100
421903400 510100
422590200 671800
423273800 662300
423858500 562500
424443600 564300
425012400 555100
425661900 629400
426261100 581800
426791600 517000
427316900 511300
427864000 537500
428372700 483800
429280100 894300
429830000 537300
430376600 533300
431078800 675300
431545500 452600
432153400 593200
432621200 452800
433139900 504000
433924800 762400
434647300 690400
435275400 609000
436009600 715000
437015400 991400
437656000 625700
438242500 574900
438874400 611300
439362000 472500
439842300 464500
440313600 456200
440841000 515700
441445100 591200
441962000 502800
442481900 509200
442968000 469400
443535800 556900
444019500 467400
444663400 627400
445224400 546100
445901800 662500
446650900 724800
447569300 883500
448223800 625100
449234600 999000
450039100 781200
450797200 733000
451553800 716500
452146900 578300
452860100 693800
453543500 657300
454372300 809400
455210100 780100
455902500 654100
456558000 634600
457233800 646500
457910500 654300
458567500 626300
459236800 651200
459823400 559900
460481900 625400
461113700 612500
461711500 578600
462387900 655000
463176100 748600
464085100 880300
464803800 697900
465410200 587100
466029700 597800
466799300 747600
467630900 786400
468536000 865800
469507200 916500
470234900 693300
470822700 573600
471461900 623600
472094300 604300
472745400 626700
473462400 690800
474244400 742200
475072900 784500
475884500 775400
476630500 730900
477512600 836000
478099700 554700
478774700 656500
479322800 536100
479952900 609600
480656600 665700
481217500 541600
481774500 538500
482291000 496800
482797000 487300
483718200 904200
484562300 808500
485310300 703100
486805400 1474500
487549400 714900
488299100 716200
488975100 659300
489623000 625800
490179200 542800
490857900 656700
491470100 589200
492095800 607900
492915500 794500
493921500 962000
494640200 685100
495275600 610700
495935500 640500
496552700 590000
497149100 576700
497759200 594100
498305900 526300
498977800 642000
499564700 560800
500572700 981900
501556900 943500
502151000 570700
502816500 642600
503442200 598300
504193000 717000
504890300 676700
505606500 675700
506260300 629900
506918300 630200
507587900 645900
508362200 748900
509184600 785500
509959100 732500
510698500 704400
511402200 669300
512066700 636800
512716800 625400
513436200 697800
514300400 830700
515166900 820200
515955100 760700
516804500 835600
517613300 763200
518501800 863000
519216600 687100
519872200 629400
520408700 512000
520996100 573100
521657000 639600
522166300 480400
522855200 675500
523773900 876000
524510100 703600
525091400 558000
525755600 641800
526457600 671700
527158800 677500
527891800 707300
528557900 647500
529286100 701700
529984900 672900
530747900 742200
531585500 796600
532222000 602400
532891500 642600
533846300 935700
534739900 848100
535424700 658100
536119800 654900
536667200 522400
537228400 542500
537866600 620300
538520900 632200
539321100 772300
539969700 624500
540581600 580100
541205200 597500
541922400 695700
542650100 697500
543361200 684800
544215900 832300
544853200 610900
545510200 638500
546101500 571500
547002100 876700
547705400 657300
548356400 627700
549086700 706000
549889200 784100
550666000 737900
551422700 713500
552080400 639800
552725600 622500
553293000 548900
553976300 655500
554600900 600600
555244100 625700
555983000 714300
556584500 577700
557435000 832400
558296200 827700
559048300 721500
559847400 763500
560654800 772600
561441200 752600
562242900 771200
562956800 684700
563756800 766400
564393900 609600
565054300 637000
565742700 662900
566657100 887600
567512200 769200
568189900 653600
568995200 780200
569741000 709200
570471600 699300
571129400 630400
571808600 657800
572436500 603300
573088000 624800
573901300 784300
574653500 718200
576050100 1372500
577250200 1175100
578487900 1187000
579470700 932200
580123800 619200
580834200 681900
581501400 624800
582160900 646900
582766500 582600
583531700 742100
584828700 1264200
585712200 846300
586461100 712200
587424100 829200
588174800 705800
588841100 640500
589431200 567400
590075500 628500
590763600 660600
591490500 700500
592323800 810200
593098600 728800
593866100 742300
594609000 699900
595311400 682500
596070200 732800
596833700 731700
597465800 609000
598095200 613900
598722400 604800
599302100 562000
600171400 851300
600858000 657700
601474100 593100
602268200 774300
602948400 643500
603645800 678200
604247900 583500
604838600 571900
605449100 589600
606104400 637400
606718800 598800
607339800 598400
608106500 744800
608729800 608700
609421700 661500
610110400 668600
610699700 572100
611720400 1006700
612590900 834000
613523600 893300
614301900 749000
614905100 587700
615554200 630700
616193900 625000
618088100 1669700
618737900 631100
619370300 610800
620037400 644000
620778000 716800
621377800 582100
622014600 616700
622574500 536100
623101100 513800
623706000 590900
624322300 597000
624902900 562100
625522500 608000
626138100 593900
626751600 595200
627333300 564200
627948300 600200
628524900 560600
629154100 612800
629840700 664800
630457500 595500
631104100 625000
631831400 702800
632554500 689500
633594300 1021600
634439800 807700
635087900 623400
635719400 616700
636386000 644700
637073900 663100
637716300 615000
638332800 599400
638991800 634800
639705600 691900
640457800 708700
641076700 596100
641713500 616100
642386800 651600
643059600 643400
643932600 853500
644649100 655700
645333100 666800
645968500 616500
646694000 692400
647405100 682100
648054700 624700
648819100 745000
649572600 731600
650281400 690000
650867600 556600
651530700 640600
652140700 590400
653070500 900000
653716000 623400
654514200 770900
655143400 599200
656116400 950000
656822400 680000
657561600 706800
658580100 987700
659275600 664500
659928100 625800
660696100 742000
661497000 767300
662312700 784000
663452200 1113400
664956300 1470900
665725600 725400
666575800 829600
667398200 785800
668206800 776000
668910200 681000
669567600 635200
670265300 673300
670929300 641500
671439500 485800
671966500 513500
672540100 557100
673045700 491200
673702800 643500
674364700 648700
674960500 578400
675535600 556100
676131600 579100
676694200 542800
677259800 550900
677829500 555400
678465900 620600
679093800 609000
679723800 616900
680387800 637100
681030200 623400
681689000 636400
682383500 660000
683083900 679300
683766700 655100
684527800 732000
685230600 672500
685916400 664600
686498700 554500
687119400 599700
687739000 596300
688463200 706600
689232700 738500
689915300 654100
690519400 590300
691015100 470400
691569200 527100
692209900 615600
692837200 605200
693458500 605700
694128400 648800
694812400 656700
695404000 567800
696008700 587500
696707000 674400
697434900 692300
698300900 837600
698941800 614400
699645400 678700
700282300 610500
700937600 634900
701565000 607100
702133300 553200
702742100 589900
703461200 700600
704117400 629700
704689300 551500
705381000 667900
706025100 619400
706748000 691100
707496600 681700
708181000 662000
708861000 657700
709559100 681900
710353100 763000
711273000 868700
712129100 819100
713060500 907800
713807400 727400
714536400 699500
715285800 725100
715937500 584100
716526100 570800
717122800 581700
717796800 654300
718376100 561600
718940800 551800
719528000 569400
720169600 626400
720845400 652200
721459200 600700
722076900 596300
722633500 539000
723220600 569700
723850300 612800
724434600 564800
725030200 578200
725590200 547200
726268400 664300
726891700 609000
727590200 676500
728221700 596300
728833000 594200
729434600 588900
730063600 599600
730687300 608700
731307000 603600
731860300 539900
732561500 685300
733172800 596800
733945900 753000
734547000 585900
735204800 636200
735849300 627400
