10711500 10677000
22712400 11644400
92198500 49463000
93151200 902200
93925700 750200
94705300 755600
95540100 810900
96141600 580300
96867300 711100
97502100 612200
98093700 565500
98823300 712800
99636100 753400
100268100 611800
100922700 642200
101474300 537900
102061100 566800
102795100 710400
103481500 656500
104330200 813600
105107600 742600
105831500 701900
106581100 733500
107240200 634300
107917300 655400
108519200 584300
109325200 786600
110134500 788700
110949800 780100
111768100 800000
112430100 641800
113156600 700200
113830100 644200
114491300 644600
115101800 595200
115642700 524700
116317400 657900
117096100 752100
117937000 807900
118924700 952000
119712800 764500
120359000 613000
121141300 762400
121727600 571400
122303800 544500
122997500 677400
123631800 614900
124392400 742700
125151500 720100
125800700 621900
126564400 741800
127295200 708800
127990200 666400
128719900 706200
129461900 712100
130175400 694500
130981500 785000
131724600 708100
132540600 798600
133176200 609400
134400100 1193100
135155700 725100
135959200 775300
136733500 744700
137404000 633200
138120900 679200
138796300 663400
139604600 789900
140147600 522700
140860900 696000
141488500 612000
142243900 739400
142912700 652800
143537400 605600
144222900 659400
144924800 673000
145590600 625600
146205800 572600
146866800 636800
147663700 772900
148554500 853800
149281600 694200
149905100 594900
150649800 725200
151543300 869900
152309400 735900
152950100 584800
153662300 688500
154324500 644200
155012900 660800
155685400 655600
156456200 739000
157149800 661300
157831700 647500
158480300 622400
159181500 677000
159957500 744800
160723900 728200
161481200 725200
162203800 691800
162974200 746900
163646500 647700
164667800 986100
165425200 709600
166142300 677700
166907900 731400
167681000 743500
168389700 675800
169030200 615300
169621300 575400
170317700 678200
171061900 723100
171913300 824100
172759400 796300
173612200 805600
174497000 830300
175497400 949000
176884400 1342700
177918100 992500
178958700 1000100
179927000 934500
180997900 1028500
181980300 928300
183036800 1004700
184049400 960000
185076400 945900
186012100 910500
186966100 933600
188212400 1212000
189466400 1225200
190437700 934600
191239100 777200
192099300 814900
193150800 1016800
195520500 2337300
197984400 2437800
200503100 2485400
201744000 1206700
202926400 1127800
204734200 1775600
206526900 1689400
208560000 1925000
209457600 855700
210276300 781400
211320000 992900
212308900 930500
213546800 1176000
215963200 2328700
217270200 1251800
219023600 1718500
219822300 740400
220952100 1084300
227478000 6466900
228912100 1354600
231636400 2640100
235682400 3990600
237344100 1612900
238244800 856400
239811100 1507600
240742800 841900
241763700 961400
242548500 751900
243319600 714500
244255800 885500
245311200 1004100
248236700 2872700
249966200 1675000
252190500 2150900
254410600 2167200
255905400 1456200
256864900 923700
257858200 969100
258905900 983000
259724500 760300
260627600 864100
261396400 743800
262114400 671200
262831600 681500
263647300 776100
264448700 745900
265157500 681100
265867500 675600
266684600 774500
267714600 978400
268526000 757400
269253700 693600
269900200 616000
270630700 699200
271311200 661800
271981100 637100
272669200 600900
273375300 676300
274010800 609600
274742700 682700
275257800 489700
275927200 642900
276635400 666600
277169900 503400
277707700 518800
278236300 503200
278774600 520000
279310400 510400
279982400 643100
280561400 546900
281201600 609500
281839100 611200
282456900 591900
283128300 640300
283930800 768700
284852600 898500
285606500 711100
286359300 705200
287158500 762000
287925100 742200
290169900 2107600
290953000 752100
291821600 809600
293236300 1368800
294217200 929300
295064100 793600
295740200 632600
296348800 586500
296982200 597500
297671200 652900
298387700 697000
299330200 902700
300102100 728000
300937000 804600
301777900 794700
302569900 755300
303244900 654100
304212200 936700
305082900 831800
305842200 738200
306467000 586100
307030400 534900
307546300 491800
308083000 504400
308807700 689800
309486200 637100
310145700 633800
310851300 687300
311623300 730800
312407200 757000
313109100 654700
313798800 653100
314562700 736500
315367500 731800
316146300 735200
316834500 668000
317546600 672200
318237700 669600
318947900 671300
319661400 682300
320344200 644400
321022100 647000
321673000 626700
322333200 626800
323009600 650300
323738100 694300
324589500 814700
325377200 749500
326046100 622300
326721200 647200
327375000 629300
328046800 635000
328717600 640200
329424600 672800
330097800 646500
330777400 653500
331711400 902600
332423700 679800
333071400 618100
333781000 675400
334547500 736600
335250100 657000
335954800 672900
336738400 747100
337632900 861700
338459700 795000
339291100 787900
340052400 706600
340824300 748300
341553800 687600
342451700 858500
343259500 756300
344056800 754800
344746600 663600
345445600 662000
346145600 675400
346882800 698600
347565200 660400
348264800 657900
349023700 728100
349691400 631500
350443200 715900
351135300 660800
351854200 678400
352498400 609600
353177200 643900
353932700 729700
354773500 793400
355469900 658700
356198400 688800
356935400 704800
357593400 630000
358280100 648000
359201500 862600
360481400 1221800
361523700 979000
362975900 1395500
366253900 2925700
367233000 911800
368201400 918300
370164100 1918000
372371400 1950100
373211800 800200
374081500 815000
374908600 774800
375737800 780000
376479700 688900
377284500 773700
378054000 722100
378904500 809300
379663300 701300
380447900 743000
381224000 719900
381977700 707200
382768700 747200
383614900 806400
385040600 1350800
386011200 909900
386869000 817200
387620800 722800
388448800 771700
389225500 749000
390073000 799700
390904700 786800
391829500 875700
392704400 830400
393459900 734600
394468200 956400
395319200 828600
396129400 726900
396817800 662100
397573200 719800
398339300 740800
399042400 663900
399862500 793900
400687700 773000
401635400 874700
403075600 1372200
403847000 732500
404700000 801000
405413500 666900
406030100 577100
406750900 691200
407402200 605200
408077800 645400
408713800 605300
409375900 627800
410034400 629300
410731600 670800
411381300 620100
412077500 669900
412769900 662900
413427900 637900
414128100 666300
414850800 652800
415514500 630300
416103800 577900
416793400 659300
417502000 679200
418181400 644600
418775900 563600
419443600 637400
420125500 643600
420809100 651300
421445600 618000
422075300 604200
422687600 597400
423314300 599900
424207600 826700
424891000 636400
425505400 596100
426231400 695200
426806100 555800
427507700 671400
428200600 660900
428861300 620400
429543900 637900
430226800 646600
430984400 725300
431661300 642700
432354500 637900
433030400 649700
433667500 606800
434443000 750000
435141900 661500
435807200 638400
436455400 624000
437128000 646400
437726700 574700
438443500 692800
439122200 645900
439812600 664700
440469000 628600
441080400 594200
441689600 584500
442262800 557400
442860800 575800
443443700 564700
444080200 617300
444710400 610100
445207400 474100
445925600 695200
446606700 649600
447331900 702900
448294100 933700
449316100 960000
450053500 709100
451076000 985000
451729900 627200
452506200 738900
453092600 567300
453680700 562800
454344300 649300
455122200 744000
455862600 698500
456816800 862500
458298400 1457500
461352000 2873500
462174200 774400
463030000 827000
463892400 813100
464701100 777700
465566200 827400
466381700 798500
467176100 751400
468645300 1429500
471370200 2369600
472420900 914500
473274300 807200
474563600 1215100
475447100 799000
476636000 1043000
478018400 1208700
479187100 1111600
480174000 916400
481111000 900900
482037000 881300
483387500 957700
484572400 1132400
485635800 1006000
486715300 1028900
488032200 1259600
489764100 1664200
490651100 832700
491426000 737300
492073500 615300
492732300 641600
493398800 633200
494386000 956500
495144400 708100
497622200 2398600
498631900 955900
499426200 712500
500133200 677300
500921900 754700
501694100 732300
502423000 688700
503375000 927600
504812800 1391200
505650800 787600
506267200 598300
506881400 590600
508803800 1896300
509593100 767700
510336700 706400
510992500 626700
511617400 598300
512175300 538900
512824900 623600
513528100 653800
514108300 555700
514710400 577200
515267400 535800
515830900 549300
516385700 538300
516963500 560100
517535200 546500
518145400 566000
518721300 554800
519275200 531000
519924900 628300
520563000 615900
521211500 616200
521865900 619600
522588100 696100
523211800 598100
523830200 603500
524803900 943200
525472000 632600
526190300 689700
526877100 646900
527529800 621900
528279100 717900
528914600 613100
529587700 645700
530200100 585500
530836200 607900
531560900 688400
532278800 691900
532983400 661800
533720700 703000
534600500 845800
535417500 767700
536302300 843800
537044700 701300
537887100 816200
538899000 970100
539977200 1047300
541106400 1076800
543262500 1865300
544043200 746700
544767600 693300
545677400 890800
546680300 941100
547537200 834300
548446400 864100
551182100 2689700
553575600 2267400
555312900 1540400
556100500 750700
557148800 914000
557929300 755200
558901100 914400
560056500 1107900
561279800 1176500
561964000 664000
562686100 685900
563419100 693500
564163800 721100
564839300 636700
565411100 542700
566175600 737700
566859200 653200
567655600 772000
568325000 637100
569952400 1606700
606160700 36182900
608684600 2483500
609474300 714000
610109800 603300
610786000 653900
611415200 598400
611991400 558200
612580700 568900
613146600 545000
613758600 587500
614480700 699700
615121600 606100
616005800 857500
616738800 692000
619627700 2860500
620457600 791500
621321600 830700
622375000 1011900
623167900 754900
623863100 661400
624746800 847900
625423300 644800
626080200 624200
626844200 724400
627494200 610800
628096200 575500
628689700 569700
629328400 613700
630028300 672500
630669400 621700
631342500 641900
632070600 683500
632781300 678400
633445900 639500
634136000 660500
634892200 726400
635561000 629900
636216100 622100
636740900 499100
637310200 547300
637942800 613000
638632900 664300
639215500 550100
639853200 619100
640471300 596300
641079100 585000
641620900 523000
642190100 550000
642825200 609400
643368800 528800
644034600 647200
644686400 619300
645356700 649600
645953800 571900
646645000 662600
647307200 639600
648025800 687500
648913400 852700
649658200 722100
650441600 755600
651205800 735800
652005100 779100
652711000 672500
653388200 641300
654296700 886900
654998300 664300
655725600 687700
656515900 731800
657232700 677400
657878200 622900
658605100 698500
659411500 770200
660385200 949200
661506300 1083500
663014700 1453800
663855900 797200
664646900 757500
665453700 765600
666290200 799900
667067100 729100
668252000 1142300
670487900 2179900
671261600 734100
671922700 623500
672680300 724900
673354100 645500
674234400 850100
674966200 691300
675607500 613000
676277600 643600
677004000 700600
677703500 669600
678436300 704800
679065400 594200
679737000 647200
680426600 658300
681047100 588600
681775100 705200
683262300 1457800
684382900 1093700
685183900 749700
685825900 601300
686582100 729500
687285900 670100
688027800 702100
688787000 727300
689532400 703600
690293800 725200
691006500 681600
691703300 661500
692473800 733800
693153900 655100
693793900 607500
694646000 823600
695323800 659400
696157100 795400
697742100 1545900
698995200 1194200
700022900 939100
700859900 804500
702482700 1582600
703277200 746900
704092400 784200
704966300 822800
705824500 812000
706584800 719400
707225100 602700
707820300 561300
708368000 529600
709021300 627300
709683500 632700
710251900 547800
710917000 635600
711502800 553300
712131800 606200
712732800 576400
713403900 646700
714176300 743900
714877000 667500
715570300 658200
716297600 688100
716901100 580100
717688800 757400
718353500 626800
718987800 609000
719604200 593600
720275000 643000
720773700 477300
721379900 582100
722098900 694800
722851500 720600
723546000 661500
724250800 677600
724904200 624800
725529700 610800
726124300 572900
726814200 667800
727510700 658800
728188000 649200
728827800 613000
729366200 509000
730042700 625100
730658000 586700
731225400 546000
731720800 475600
732329300 587700
732898300 549000
733519800 593700
734280500 725700
735015000 685500
735655600 615900
736274000 589400
736859800 565900
737534000 647100
738174800 614800
738828400 625100
739420100 568700
740012700 575100
740630800 601500
741213300 560700
741701700 462200
742392100 670400
742998500 579500
743593100 568600
744214700 595500
744841000 603400
745583800 720900
746253800 630100
746897800 616500
747504200 579000
748115500 584400
748744200 608300
749501200 720800
750239100 710800
750876100 611900
751478500 575300
752147300 646800
752829200 649600
753489100 629500
754181000 666500
755013700 789900
755625800 579600
756299800 649300
756941800 612400
757605100 625800
758272400 646000
759000100 696300
759788900 739000
760789900 928700
761751800 896200
762608200 791600
763394100 767600
764282600 839100
764976900 654100
765668800 660900
766403700 709300
767082300 645500
767742000 624000
768397500 630400
769018600 590100
769610200 566500
770295500 655100
770993400 666700
771787500 754100
772531400 692600
773190300 637400
773845200 624500
774628500 743800
775331600 667500
775973800 618300
776635300 625400
777281500 611100
777983400 672600
778608400 594500
779285200 648700
780049800 737000
780771800 692000
781468200 658300
782180200 677500
782804500 606800
783417700 584500
784000400 552600
784686900 650900
785308100 588800
785960100 627400
786617700 628100
787446100 795300
788245800 765700
789034000 756500
789767700 702500
790431900 638800
791087900 622700
791738800 624200
792466500 711200
793174000 670300
793782900 580000
794552400 722400
795210000 633100
795951500 714300
796560500 576000
797214600 623700
797911300 671700
798692500 744400
799295300 579800
799944600 638500
800675100 693800
801552500 841300
802490600 891500
803218500 696200
804255000 1004200
805307600 933900
806508700 1176600
807376200 828200
809097300 1679000
810263000 1119800
812349800 2016100
813219300 805200
814317200 1055700
815342800 964300
816476100 1079800
817832500 1309100
818734100 870500
824873100 6092500
825694300 772600
826478200 744800
827571100 1052800
828804700 1204400
829822300 964700
832909000 3071100
835296900 2368300
836571900 1226600
837652100 1048600
838571400 865900
842329900 3702300
843395600 1036700
846932400 3483800
848252700 1260300
852715000 4334200
853691400 926600
854602400 868200
855530200 882600
856334500 749600
857474800 1101600
858555900 1047700
860209300 1605600
862421400 2188700
863916700 1441000
864974500 975000
867713800 2678000
868586100 826500
869344300 709000
870104800 715700
871190400 1057600
872969900 1733300
874566100 1517300
875426000 803900
876175500 711400
876913100 693900
877966300 1034400
879310400 1300700
882682900 3325800
883426600 713500
884229900 774000
885055500 779900
885876900 778200
886626900 715000
887568400 903600
888433500 819400
889250300 775200
890352300 1055200
891288700 888300
892067200 730200
893104100 990100
894044500 874400
895235600 1139000
896453900 1159600
897372300 855700
898689500 1280800
900807800 2065300
902380500 1534300
903214800 777500
904081500 830800
905672100 1570400
906674300 948600
907543000 813400
908623500 1036200
909393300 715000
910134000 702900
910918500 741900
911655300 699600
912422900 725700
913125200 661400
913875800 712100
915198700 1285600
924687300 9446100
926016800 1267600
926976500 896100
927828600 819000
928646200 764000
929445000 757900
930171100 686900
930898100 706600
931656800 723300
932423700 727700
933160200 695000
934193200 1013700
935353400 1079000
936047500 645600
936749300 683000
937498600 692500
938532100 1000600
939490600 912500
940552300 1021900
941309600 723700
941917800 578000
942505900 564600
943103500 580600
943815500 685100
944597800 745700
945271400 643300
946329100 1030600
947201900 799700
947953800 708000
948612000 620600
949202900 567000
949860700 630900
950725500 830000
951569200 744600
952281500 686300
952973900 659500
953660100 653300
954518400 816400
955367800 731900
956188600 779200
956876000 655100
957562300 656600
958129800 555200
958767700 606400
959370600 580100
960095600 700100
960757300 629000
961406800 628400
962128900 687800
962867200 704100
963563300 660600
964446000 861500
965145100 660000
965823700 644300
966474600 619700
967150400 661200
968052400 833000
968706800 621600
969353000 615100
969960600 595500
970675000 691700
971369400 665500
972267600 873200
972930300 643500
973442400 492000
974043100 578300
974702200 630000
975284500 566400
975975800 662300
976689100 687500
977403700 674100
978053400 614000
978719700 635100
979347700 607100
979974800 600300
980621400 633900
981205400 562400
981828400 601800
982419800 569700
983031900 587600
983760200 709100
984605200 803300
985402800 753200
986005000 572500
986674900 656900
987284100 582300
988087800 773400
988776600 655600
989457400 655300
990096600 617100
990795400 628700
991475300 617600
992111900 607000
992833800 691000
993494000 632000
994277100 752900
