16532300 16522500
17240500 663800
18065100 805700
18764900 663600
19237900 441300
19809900 526800
20233900 401600
20728500 472100
21363100 608500
22026600 643600
22450100 401900
23012400 541700
23689200 653200
24440100 726100
25212800 742100
25911000 670200
26571100 632700
27238200 641100
28133600 855800
29198300 1011800
30118600 867000
31121100 952400
35145600 3912600
36240400 1035900
37219200 919600
38236900 952800
39350900 1058200
39982300 589500
40683800 662700
41372600 633400
42079200 667000
42721000 606200
43574100 806900
44309500 694600
45022700 672700
45728800 660600
46490500 708000
47424300 890400
48378300 820000
48984900 572100
49652400 643800
50324700 640900
51082800 721900
92202700 41043000
93007700 776900
93656800 612800
94311200 635000
95102900 768200
95817100 697300
96367600 534300
96907000 525900
97367000 447700
97897700 511500
98517300 604500
99226500 673800
99637200 385100
100121800 459700
100732300 595200
101435100 590900
102032600 570100
102850000 789300
103320300 452100
103993400 650800
104706600 678000
105221900 497600
105781200 543300
106212000 414500
106791500 553300
107367900 560000
107807500 404800
108359300 533400
109125300 726200
109789100 644900
110419600 613100
111088800 644500
111575700 469500
112059900 462500
112720900 637500
113198100 454800
113734300 520200
114296200 524000
114967900 648600
115675400 678600
116415900 723000
116894000 459000
117640100 709100
118470000 794500
119112700 590600
119872600 723500
120544100 649800
121023600 465400
121695700 638800
122175700 440000
122757200 566800
123279900 497400
123882200 584000
124708300 804400
125488500 747100
126251500 733300
126792000 513600
127397300 589000
128072900 652000
128735600 649600
129368300 615200
130095200 686900
130962300 804700
131683500 692000
132593500 876000
133300200 686200
133912900 599300
134684900 739700
135284700 582000
136030100 715800
136792600 745200
137414000 602100
138073900 645000
138757900 650600
139472000 681900
140134700 635600
140792300 641300
141442600 629900
142147400 667600
142825800 644800
143573600 715200
144362700 771200
145039400 660200
146362300 1308400
147209800 828300
148056000 829500
148776200 690400
149547900 752500
150349100 781100
151103800 718800
151916400 776400
152586500 648600
153405000 801900
154140600 706200
154939600 773400
155719200 749200
156487600 751000
157208500 707700
157903900 680000
158629500 709400
159446400 771200
160244300 775400
161019400 753600
162004700 965500
162802000 767200
163683600 855600
164688800 983900
165531000 827300
166249500 697900
167008600 734800
167869900 845000
168794600 907400
169466800 650300
170094300 612500
170938800 829500
171959800 982900
172841300 868600
173663900 806500
174733400 1052200
176238300 1479200
177251800 966000
178743000 1460600
180103900 1303700
181305500 1185800
182225900 895100
183497200 1212400
184987800 1452600
185893900 850300
186932400 980600
187995300 1020300
189196000 1151000
190198100 937700
191593600 1348900
192797800 1178800
195398400 2550700
197689300 2231600
199010100 1259800
200305000 1243000
202662900 2302700
204897100 2181300
206963200 2045100
207957700 970200
208952700 939800
210309100 1330700
211335500 1007600
212397200 1042600
213447100 1031000
214756000 1250900
217005900 2203700
219261800 2189900
222105300 2819900
225431300 3206300
227525300 2002500
228895700 1344900
230350400 1394300
232189900 1779900
233611400 1384400
235650100 1986300
236927900 1221400
238466600 1478000
240249500 1758500
241456000 1156300
242627900 1113100
243571300 922600
245146700 1545500
246451900 1243400
248903900 2370500
250292300 1336800
252481800 2161400
253901400 1402900
255487300 1337500
256696100 1078100
257889300 1130300
259242100 1333900
260508900 1241900
261660700 1086000
262692500 1006800
263805600 1069000
264820700 999600
265939700 1086500
266952400 993500
268495500 1521000
269522900 987200
270494700 949800
271431100 908000
272283800 835000
273273500 973100
274274000 967000
275314800 1021100
276052100 720600
277050300 974400
278040000 948000
278819800 758600
279759900 927800
280684600 900000
281672100 971900
282653500 957500
283783500 1111200
284855000 1029000
285890200 1016600
287037400 1121200
288642500 1562500
289885100 1195100
291180000 1223100
292812700 1598100
294448800 1574300
295561700 1092200
296474600 887200
297547300 1053100
298605100 1019800
299906600 1273300
301164800 1214500
302418900 1235200
303567100 1103700
304962500 1366100
306023300 1003500
307132400 1088400
308309500 1160200
309185800 853700
310094700 881700
311264000 1129000
312578300 1277000
313760400 1166300
314809700 1007600
316076200 1245400
317463500 1342400
318638300 1131500
319807100 1129100
320805700 980800
322019900 1179600
323144300 1097000
324192100 1025100
325495400 1273900
326573200 1055300
327656700 1045400
328865500 1187000
329903300 1024800
331030000 1095000
332115300 1065000
333264000 1118000
334828000 1541000
336025700 1170000
337369500 1323000
338479400 1073100
339892600 1399100
341172500 1172400
342625200 1416400
343956000 1301900
345283500 1276600
346677600 1359700
347837500 1121900
348984300 1124500
350208600 1169900
351692800 1448800
352922200 1199300
354224300 1266100
355604700 1351100
356823800 1200500
357995000 1127100
359318500 1296300
360948500 1614200
363143500 2160200
366478900 3180800
367870100 1367400
372093800 4174500
373504000 1365700
374965200 1429900
376296400 1308200
377686400 1333200
379113600 1392000
380938400 1801400
382375400 1386200
383824100 1409700
385359000 1514700
386780900 1392700
388149400 1317800
389524900 1328700
391054300 1498500
392597800 1523800
394366700 1695600
395930500 1488300
397329300 1367500
398822300 1458200
400212300 1355400
402219800 1963900
403868400 1611200
405286800 1404900
406801500 1461600
408174200 1356600
409531500 1340600
411029100 1481400
412434000 1375900
413913800 1446900
415464000 1517400
416815700 1321200
418187300 1357300
419532700 1328500
420765000 1219100
422015300 1206700
423389300 1345100
424684800 1278400
426056400 1349200
427477700 1392900
428918600 1403700
430358600 1422100
431782800 1410300
433077600 1278500
434663900 1570200
436121200 1434800
437423500 1288300
438791100 1350100
440245000 1435900
441455400 1189900
442548700 1075400
443549500 984300
444695000 1128400
446053300 1343200
447451000 1385300
449224700 1754600
450833700 1529800
452356300 1473800
453642800 1261400
455098700 1435000
456656200 1516500
459849100 3150000
461829800 1816800
463676300 1809800
465444700 1720600
467218600 1740700
469887200 2652600
472802500 2781500
474992100 2085200
477337400 2304100
479569700 2191400
481372400 1765700
483571000 2174300
485860600 2273400
488053400 2173100
490186700 2112300
491983600 1774800
493544500 1534500
495176200 1613800
496864800 1664800
498849600 1935800
500349900 1482500
501962300 1590200
503824600 1843600
505536200 1669700
508669100 3103900
510594100 1869400
512191100 1579600
513708400 1502800
515185100 1460200
516595600 1389900
518149600 1541200
519663000 1504400
521361800 1676800
523150200 1768100
524812000 1637700
526425800 1599000
528092500 1647800
529718100 1601300
531367500 1635700
533027900 1626600
534836200 1794700
536662400 1806100
538673900 1988400
542288300 3562200
544519000 2071400
546551700 2000700
548921700 2326400
550322900 1371000
554500400 4133200
556929800 2395100
559056500 2093400
561108700 2027700
562907400 1747100
564863800 1932500
566563000 1682300
568453100 1862400
570156000 1689800
571767900 1596500
573476200 1676100
575075600 1561100
576174800 1069300
577279600 1082500
578471800 1170900
579679200 1187200
580876900 1172000
582153800 1256600
583384300 1211000
585085100 1682000
586278700 1150400
587912200 1601400
589612100 1671100
590787200 1148900
591888500 1076500
593107700 1191200
594423600 1291900
595737400 1279000
597357000 1577700
598522100 1131300
602133600 3581400
603768400 1574200
605086700 1282800
606700400 1585200
609198500 2460100
611118300 1891900
612610800 1475000
614535100 1906800
616362800 1813100
619589800 3177200
622013700 2373100
624069500 2011700
625724900 1631500
627684200 1936900
629797200 2100300
631684500 1854000
633761400 2055400
636832700 3053300
638865700 2002900
640798200 1920300
642639300 1823500
644468400 1810100
646322400 1828400
648626100 2288700
651052500 2392000
653022300 1933800
655024100 1978600
656982400 1942700
659271200 2250600
662161700 2841200
664920600 2724300
667339200 2396300
669620900 2260900
672191800 2523300
674405400 2193000
676479500 2053200
678624800 2127800
680667700 2026600
682911500 2229500
685196300 2229800
687415800 2206000
689821300 2389000
692174600 2331800
694520300 2317200
697004500 2444800
699465800 2401300
702449500 2935800
705062000 2556000
707394500 2307400
709500600 2089100
711644300 2113500
713703300 2047400
716118000 2389000
718221300 2078900
720283800 2029300
722566700 2270300
724806800 2202000
727019900 2184100
729157300 2118700
730714500 1536400
732411700 1685000
734509300 2085200
736334700 1809000
738608100 2259800
740257100 1626800
742435400 2151000
744599700 2152700
747170500 2545200
749031100 1844300
751087400 2038200
753140300 2036600
755334600 2173900
757454700 2088100
759841900 2352900
762537300 2674000
765110400 2527900
767623000 2495500
769835400 2184300
772397400 2545000
774926900 2495800
777388000 2439400
779576700 2174100
782022900 2420100
784285300 2233900
786909900 2605000
789236800 2299800
791692000 2439200
794165500 2439100
796591300 2407100
799253500 2650400
801967200 2689800
804940800 2943800
807939800 2941300
817669200 9692900
820836800 3107000
824243100 3356700
827065900 2784600
829725600 2622800
832733200 2963200
835938300 3151700
839173900 3193400
842126800 2908100
845444500 3259300
849977500 4461500
857064800 7038200
860096300 2985600
862925500 2767000
866930000 3962300
869944400 2954400
873526700 3538400
876769000 3217500
879547000 2742500
882109800 2537400
885115500 2970200
887733900 2598100
890440100 2686500
896702500 6242700
900667700 3942200
903936400 3197600
907133800 3152200
910347400 3165600
913473800 3105000
916665900 3164300
920197700 3469500
923326200 3076400
926722500 3347400
929987700 3206500
933005000 2980500
935904200 2864300
939110000 3171200
942102700 2954400
944933700 2815600
948053700 3098500
951229400 3159600
954342400 3080100
957505100 3117800
960409100 2875900
963259600 2825300
966296300 3008800
969306700 2973100
971984400 2650400
974580500 2576600
977416500 2785000
979910400 2485000
982772100 2838100
985949300 3156000
988927900 2953300
992135000 3193500
995236400 3090000
998348000 3077300
1002056200 3662700
1008278500 6156600
1012229900 3897300
1016251300 3959600
1022605400 6302500
1025559400 2895000
1029335500 3740200
1035498800 6109100
1039582500 4040700
1042612600 2995100
1045227800 2575100
1047792400 2494900
1049564800 1705900
1052348700 2755400
1055039400 2489600
1056880600 1815500
1058775900 1873300
1060659200 1865200
1062583300 1901900
1064240900 1646000
1067950600 2735600
1070273900 2276100
1072201100 1892800
1074680200 2457500
1078033000 3326700
1081506000 3416700
1085741600 4194300
1088713400 2941200
1091266600 2506200
1094601100 3302300
1097769300 3130500
1099905200 2092200
1102020500 2083900
1104217300 2167600
1106718100 2474400
1108389000 1648400
1110279200 1863800
1112190600 1889000
1115971100 3753700
1119401000 3387500
1122900400 3450900
1126867500 3928600
1130861300 3945700
1135574100 4673400
1139410900 3799000
1143445800 4002600
1147013200 3531200
1150431000 3394700
1154283100 3799900
1157740200 3404600
1161118400 3351800
1163387500 2198200
1165928700 2515700
1168380100 2428100
1170448300 2046100
1172411800 1944000
1174185700 1763800
1175916600 1699600
1177565800 1617300
1179141800 1556500
1180815000 1656000
1182449800 1619900
1184371700 1904500
1186209500 1816100
1188192300 1965300
1190441900 2228300
1192157700 1695600
1193933800 1748400
1196797700 2821800
1198772900 1950400
1200985500 2185500
1203945200 2922800
1206611600 2622200
1210126400 3490100
1213949200 3795500
1216579700 2586700
1218546500 1941200
1220379800 1815500
1222288400 1893100
1224569300 2259900
1226724600 2113000
1228950700 2204600
1236167600 7175100
1240575700 4253000
1243160100 2382700
1245115500 1931400
1246913600 1771800
1250063500 3133500
1254672600 4578100
1258286500 3585600
1260957200 2643200
1263321100 2328200
1265532600 2189300
1267923900 2367500
1270839300 2893100
1273187200 2323100
1277115700 3853300
1280449000 3259500
1282252500 1770100
1284292200 2014700
1287319100 2994800
1289308100 1963800
1291133800 1805900
1292930800 1782300
1294933800 1989200
1297091500 2140400
1298931900 1827400
1301451500 2491100
1303436800 1953600
1305580100 2117600
1307547900 1943600
1309514200 1950400
1311561100 2027200
1313675500 2063100
1315649400 1953200
1317388800 1705900
1319198100 1789300
1320921200 1707200
1322782900 1846200
1324633300 1834400
1326582700 1933700
1328469600 1874300
1330498500 2013000
1332123200 1606600
1333952400 1808300
1335761700 1772700
1337517600 1740100
1339375500 1845800
1341436000 2044600
1343572200 2115200
1346059000 2465600
1348412900 2331200
1350390100 1951000
1352367800 1942000
1354925800 2538800
1356922300 1973200
1358711000 1772900
1360458200 1735500
1362273000 1805300
1364438100 2154300
1366120600 1668400
1367810700 1673400
1369579600 1756400
1371203100 1613000
1372863500 1652400
1374623600 1752000
1376495200 1861000
1378327600 1822900
1380005100 1669800
1381603800 1583200
1383261800 1634600
1384995400 1723900
1386693200 1685300
1388428700 1725300
1390239200 1802200
1392038400 1789100
1394024600 1975700
1395734800 1696500
1397408100 1653500
1399933300 2505900
1402051100 2096300
1404040300 1972200
1406067000 2006800
1408040600 1959400
1410151000 2094600
1412252900 2085900
1414682700 2417000
1417228000 2530100
1419337500 2097600
1422819700 3459800
1426510200 3653100
1429559800 3014600
1433565400 3973600
1437599900 3989600
1441628300 3991800
1445898100 4240200
1449735200 3794000
1453649400 3886400
1457321500 3629100
1460988900 3630400
1465306500 4282500
1469048900 3696300
1471556300 2483100
1473883300 2304800
1476751300 2858300
1479428200 2657300
1481136800 1687400
1482926100 1776500
1485139500 2198800
1487098100 1941800
1489097200 1988300
1491290500 2175700
1494183300 2870500
1499079400 4841900
1504178100 5060000
1506900500 2693600
1508877400 1955100
1512021200 3126400
1519950000 7878400
1522795300 2818900
1525586700 2771800
1527947100 2341700
1530075500 2103100
1531996400 1901100
1534242800 2235800
1536371700 2093800
1539331100 2937000
1541671200 2321400
1543488400 1806600
1545462400 1958300
1547253900 1773900
1549025700 1760200
1551185400 2142700
1553103300 1904800
1557184600 4068700
1559755800 2545100
1561525900 1758100
1563255300 1714000
1565143700 1876000
1566977400 1820700
1569185600 2198000
1571400900 2186200
1573775400 2357200
1576350900 2560100
1578060300 1700200
1579855900 1769400
1581865900 1997100
1583907500 2023800
1586396400 2458200
1588630800 2219200
1590690700 2046400
1593123500 2419800
1595021600 1885100
1596821600 1783400
1598621600 1788000
1600377300 1745100
1602223000 1837400
1604804000 2569200
1606890400 2068400
1609072600 2167500
1610917400 1830800
1612767500 1831200
1614803100 2016100
1616811500 1987500
1620025900 3199300
1622397100 2345400
1625033400 2612300
1627350500 2296100
1629849500 2469500
1631875800 1995900
1634256400 2361800
1637924400 3643200
1642276700 4311400
1646906200 4591000
1651655700 4711700
1655710700 4022900
1659138600 3380600
1663559600 4369500
1667950900 4355600
1672252800 4261200
1676449400 4158400
1680672500 4187200
1683604700 2913500
1685727000 2082100
1687729300 1974600
1689686300 1940000
1693468400 3757400
1696315200 2820800
1700546900 4207400
1703012600 2443400
1704940600 1911100
1706699900 1742500
1708572700 1850500
1710517700 1934300
1712408100 1869300
1714498800 2079000
1716947800 2425400
1719248800 2283500
1721903400 2633100
1723923100 2006500
1726310700 2355200
1732078800 5711100
1736132400 4024900
1740164800 3806000
1743971200 3783100
1746700700 2702200
1752191100 5472700
1754297800 2065300
1756256800 1941800
1758559200 2257700
1761020000 2423700
1763228800 2175200
1765376700 2126000
1767723900 2333500
1771048500 3226600
1773081000 2016600
1775104600 2012700
1777104100 1986500
1779096700 1982500
1781026900 1921700
1782944200 1909300
1785029000 2077000
1787245800 2203000
1789353800 2092700
1791443100 2078000
1793931400 2476400
1795875500 1932200
1797828200 1934500
1799763700 1919500
1803690400 3912300
1807483200 3769300
1810278000 2764800
1812625700 2331600
1814659900 2020700
1816608600 1925000
1818986900 2358600
1820993000 1987200
1823240000 2231900
1827470700 4204200
1829934700 2439200
1832097300 2135000
1837524900 5416800
1839714500 2154300
1841937200 2204500
1844201000 2229100
1846182200 1966500
1848295300 2101500
1850411700 2105400
1853033800 2603100
1855666000 2610200
1857835500 2156300
1860258300 2406200
1862203600 1929300
1864246900 2027500
1866511200 2249400
1868672600 2147400
1870849100 2164200
1873253500 2393600
1875534300 2245700
1877603700 2049600
1880358900 2742100
1882372700 2000800
1884711300 2327900
1886927600 2200600
1889395000 2455200
1891564500 2158400
1893665600 2082400
1896007000 2328300
1898163900 2142000
1900655900 2482000
1902880400 2214600
1905562900 2672300
1907615200 2036900
1909641700 2007800
1911591600 1933700
1915108100 3505900
1918600800 3451000
1921325200 2690800
1923693300 2350700
1926226500 2518600
1928496600 2256300
1930648100 2139500
1933193000 2345500
1935622300 2411100
1937805100 2166300
1939985000 2169100
1943274600 3273600
1946252700 2927000
1948796300 2517300
1951418800 2608600
1953727300 2291900
1955990500 2250000
1958162500 2160200
1960311100 2139200
1963321600 2997000
1965422200 2081900
1968011300 2558600
1970267100 2214000
1972496700 2213000
1974901600 2388100
1977308200 2390200
1979902400 2576500
1982081800 2167300
1984719800 2618100
1986869000 2124500
1989229200 2340100
1991933400 2684300
1994912200 2949400
1997433800 2510200
1999567100 2103600
2001631800 2047100
2003777100 2131400
2006442800 2652400
2009087400 2605000
2012125900 3014900
2014420100 2265000
2016524200 2079500
2018836100 2295300
2020871100 2020500
2023032400 2150700
2025160800 2118600
2027720500 2547900
2029979800 2227400
2032023700 2030100
2034116300 2076900
