16831300 16800900
18653100 1562500
19709000 1033900
20715800 950300
21516500 782600
22636100 1075000
23586400 911600
24543000 913400
26060000 1465500
27036600 931700
28128800 1062700
29329900 1168100
30296600 930100
31000400 690900
31677600 666000
32562400 848600
33433000 838800
34040900 584900
34657600 595200
35780100 1098400
36752400 934400
37632400 853300
38591700 917600
39696100 1052600
40327800 605300
40991600 645600
42005900 969600
43132000 1089700
43832400 685200
44758800 880600
45408500 631100
46250300 815300
46995300 727200
47745200 734300
48491100 717600
49361600 853600
50251200 870800
51026500 758300
51873400 827700
53451900 1536100
54564900 1061900
55579600 937400
56739200 1118600
58066200 1294000
59085600 963900
60032100 928100
60922700 834500
61770700 828700
62545200 758200
63321000 755800
63977800 636300
64667100 670900
65341200 641300
66161000 790400
66889300 711700
67564100 648000
68216600 628400
69945100 1711800
70901600 927900
71817400 897200
72814400 974600
73671400 839800
74665200 977600
75572300 890300
76217800 628000
77004100 773900
77885800 862300
78626300 724000
79335100 689200
79994500 645500
80727200 713600
81478900 735900
82266400 770100
83111600 828400
83683000 557400
84621800 918900
85413800 775300
86366700 937600
87006300 615800
87832100 810200
88860000 1007800
89818400 927700
90674500 839400
91701700 1001900
92632200 910100
93541700 891600
94425400 865700
95219500 779300
96026000 789500
96977800 928400
97834100 820200
98773600 906100
99755000 948700
100500900 730600
101403300 880400
102622500 1196700
103524900 874400
104500900 956800
105540300 1008300
106530800 954000
107376900 829300
108759900 1367600
110096000 1265200
110977600 863300
111655400 664000
112391200 718900
113243300 814100
114048700 788800
114939000 866800
115667300 705700
116384600 702100
117090700 683200
117808700 700700
118806400 978800
119802100 960000
120726700 909600
121799600 1056600
122684000 858300
123583600 875500
124701600 1083000
125873500 1123600
126758100 867000
127678200 901700
128704700 1006400
129706800 956800
130674400 928700
131640500 949300
132562800 902200
133475400 895700
134326400 830600
135324800 981300
136384500 1033500
137477400 1031000
138524100 1015100
140135900 1560200
141545200 1393500
143135000 1527400
144133900 958700
144896100 745400
145729100 814900
146464000 720200
147351700 871700
148191100 826300
149076800 870000
149978200 884400
150807200 813900
151698000 872900
152686200 968700
153664000 962000
154675000 995900
155565900 866800
156468700 887900
157580500 1089600
158657000 1056000
159686700 1004700
160561100 857800
161421900 843400
162244700 809300
163216900 954000
164028500 798300
164715600 675600
165290100 560700
165993800 692500
166690400 681000
167361300 655900
167945700 573400
168666000 707300
169642400 948900
170608300 950100
171359200 717800
171915400 537100
172654400 720400
173583400 908400
174121100 519900
174651900 519900
175140500 478200
175619600 468500
176076000 446500
176539200 452900
177024400 475000
177509500 475400
177979300 459700
178762800 773600
179318500 527800
179831800 502800
180346600 503200
180922300 564400
181438500 505800
181921500 473000
182418700 487400
182905900 476800
183391800 475100
184164700 755800
184658400 481400
185563700 881500
186375400 793400
187149500 762800
188241900 1074200
189288900 1016300
190225300 922000
191493300 1245300
192356000 839500
193234500 859500
193912100 665000
194521400 596200
195178400 644400
195930700 738900
196544600 603300
197304600 748800
198080200 763200
198858500 768000
199605200 732300
200421500 767500
201381900 949200
202500400 1102600
203793300 1264900
205104800 1235100
205914500 783100
206939700 1001500
208101200 1144000
208960900 843800
209791800 816700
210733400 926200
211692100 940700
212386800 679400
213240500 841300
213939300 681000
214939100 983600
215634500 674400
216650700 1000400
217386600 718000
218149800 749500
219176400 1009900
220309800 1114900
221606900 1226700
222905200 1277100
224514000 1482800
226099200 1502800
227577300 1439600
228970300 1351300
230278700 1278800
231539100 1216800
232799800 1224700
233968400 1153100
235674200 1670800
237055900 1362800
238388600 1288000
239838300 1427700
241266200 1410100
242704200 1384800
244085900 1341100
247219500 3106500
248826800 1537000
250194700 1351500
251474500 1252800
253529400 2007100
256854300 3276100
258678400 1781600
260686600 1932500
262060000 1350400
263527800 1380700
265068500 1499500
266489200 1369900
267907800 1374200
269576000 1654000
271036700 1437600
272552800 1473100
273964300 1384100
275592900 1611500
277172800 1562000
278427000 1224500
279652300 1199100
280952800 1274300
281996700 1023000
282993600 981900
284156400 1150600
285570400 1381000
286764700 1159300
288118000 1317400
289798400 1644100
291307800 1470100
292782200 1423700
294045200 1234800
295112900 1050600
295965700 831700
297054000 1056100
298304600 1194200
299638000 1323200
300757300 1098000
302173500 1400900
303683000 1463500
304845300 1144600
306086300 1223900
307684900 1580800
309193900 1492500
310456600 1245200
311700300 1225000
312783100 1068000
313781300 986000
314697800 905300
315695100 986100
316695100 982400
317755200 1047900
319044100 1278000
320376400 1319800
321793200 1398400
322903900 1096200
324320200 1386400
325745900 1409200
326744200 981900
327664200 906100
328886800 1210400
329921400 1021000
331211100 1280400
332345700 1086500
333329200 962800
334268600 924000
335997700 1710900
337551400 1521200
339171400 1605800
340840400 1642200
342651600 1754400
343899300 1235200
345108200 1195300
346492000 1368200
347854800 1350000
349097600 1228100
350293000 1183800
351456500 1151900
353284200 1806800
355065200 1759200
356741800 1653100
358639900 1883300
360426300 1700100
361974500 1530500
363491200 1492900
364835600 1330500
366219000 1370000
367467500 1203800
368668900 1188900
369872000 1175800
371454800 1566600
373002600 1522700
374638300 1598700
375733400 1080700
377111200 1362100
378632900 1510300
379774100 1125500
381109100 1318300
382724700 1602400
384320300 1584000
385764600 1427800
387492400 1694000
389416400 1871900
391361900 1835300
392495800 1066300
393454900 933700
394331000 858600
395162300 817800
396023700 842300
396886500 849600
397787500 886300
398917300 1110700
399823700 885100
400701800 864500
401629700 909000
403328400 1666000
405524800 2141100
407758900 2178500
409796500 1950100
411706300 1872200
413338300 1604000
414343400 982100
416188700 1780800
418299300 2041300
420369900 1985400
422389600 1988400
424318200 1910800
426365800 2026900
428448300 2052000
430668200 2194600
432491400 1808800
434258400 1745400
436632000 2349300
438775200 2111100
440585000 1773700
442556800 1951700
444126300 1553400
445639600 1496400
446992600 1343500
448322300 1305200
449608800 1275700
450663000 1042800
452197800 1525300
453707500 1487800
455376600 1651200
456982300 1582000
459504700 2495600
460834100 1297000
462030700 1185100
463229600 1184800
464825500 1575200
465973500 1132800
467204900 1212200
469053500 1830800
471223200 2153900
473542800 2283200
475705900 2144800
478058800 2312200
480235800 2143000
481962100 1707400
483469900 1491100
484933200 1450100
486675400 1709700
488601700 1912000
490766900 2141900
492227600 1440500
493595600 1355300
495035200 1412700
496408200 1358600
498021700 1598900
499635700 1584400
501282100 1632000
503443500 2143300
505877200 2398800
508058100 2154700
510624200 2547500
512778200 2119700
515087600 2218100
517062200 1958100
519481100 2403300
521697200 2186700
525430400 3691200
528597800 3151100
530738000 2108900
532885700 2129700
535117900 2218800
537278900 2135300
539561300 2267700
541834400 2254200
543861200 2012000
546166400 2273400
548314600 2095200
551288900 2937900
553451500 2113900
556571800 3070600
559400900 2805300
561963300 2488200
565619600 3610500
567480700 1848300
569508200 2011900
571707900 2185700
573992600 2272600
576023800 2018800
578021600 1986300
580203400 2170300
582367200 2138400
584495200 2112500
586715900 2206600
588793000 2064500
591010600 2197200
593146000 2119100
595172500 2008900
597574400 2345000
601462600 3874200
604159800 2675200
606515600 2310400
608873200 2321400
611196800 2306400
613671900 2434900
616078400 2354000
618444800 2353900
620794200 2327800
623007300 2194400
625334100 2309200
627634000 2279300
630230600 2572800
643046000 12777800
646195300 3132700
648624700 2408500
651599900 2901900
653998700 2377400
656392800 2359100
659294500 2876700
661845900 2529100
664362900 2501500
666887700 2510000
669380500 2466600
672248800 2848800
674956500 2678400
677659800 2674200
680370400 2696500
683203000 2805600
685813200 2586900
688267100 2434600
690744500 2451200
693072500 2309000
695781500 2687200
698326400 2527100
700847400 2500300
703181300 2311200
705684900 2463500
708292500 2557800
710948000 2594900
718820100 7821000
721500600 2627600
723972500 2423700
726537100 2522000
729027100 2449600
731659900 2578200
734525500 2810700
737132000 2575400
739984100 2805100
742662900 2635500
745138600 2401800
747775900 2594000
750387100 2564200
752929200 2499700
755688400 2700300
758331900 2575500
761323000 2968400
763946200 2592800
766601800 2628500
769149000 2534000
771813100 2626000
774681000 2850900
777860500 3157700
780665700 2789300
783608000 2919300
786570600 2947200
789438000 2847400
792179800 2694200
795010200 2720500
797604700 2578500
800477400 2858100
803231600 2738600
806578500 3319900
809727100 3101400
812732900 2941600
816025800 3201700
819165400 3071800
822110400 2889400
825017400 2862700
827974600 2898000
830454600 2438700
833136300 2649500
837280600 4099100
840241000 2942400
843357300 3092800
846660400 3242600
849595700 2904900
852573500 2957300
855745500 3122500
859200800 3408500
862129300 2908000
864722400 2567500
867354300 2612700
870362100 2989700
873809000 3430900
877060900 3230200
880080700 2997800
883036500 2940100
886045900 2994900
889002300 2933400
892022700 3005500
895084100 3043500
898504000 3354500
901784800 3258900
905277800 3473600
908553800 3245500
912224800 3611900
915703800 3411400
918454200 2699000
924515000 6004100
928902300 4365500
932608000 3600700
936193900 3499100
942212900 5965700
946976300 4702800
953981700 6951700
959325800 5245500
962846300 3464100
966698900 3810700
969995900 3246900
973253300 3178000
976791000 3488000
979983900 3144500
983132000 3106900
986468100 3292700
989726900 3218200
992839900 3052000
995892300 3004400
998828300 2901400
1001879600 3008400
1005083900 3165600
1008291800 3166400
1011481600 3143400
1013651600 2141900
1015722000 2039200
1017729200 1976800
1021136700 3349700
1024409800 3226100
1026169600 1722000
1028885900 2686700
1030595300 1688600
1032239800 1623100
1033782100 1516300
1035985600 2189700
1038464300 2453000
1041971600 3471200
1045302600 3263700
1047896600 2561300
1051000200 3054200
1054127500 3077500
1057068400 2860500
1059388100 2286500
1062870700 3433400
1066307500 3364500
1070058800 3701800
1073865100 3757000
1077177900 3257500
1080418600 3195300
1083404800 2937400
1086424300 2965200
1088932100 2475000
1090708900 1743900
1092473600 1738900
1095144900 2622500
1098228700 3028100
1100513000 2229100
1102685500 2140900
1104662800 1944500
1107401400 2709700
1109845900 2418900
1111958700 2083000
1114171000 2171200
1117074200 2818700
1119342300 2239700
1121727600 2352800
1124402600 2640700
1127263000 2817900
1129882800 2577700
1132588400 2660300
1134992600 2374100
1136891900 1851900
1138761200 1841600
1141791200 3002700
1144603100 2775200
1148288700 3637700
1151869700 3491100
1155294600 3377500
1158464700 3113800
1162552500 4026400
1165713500 3110500
1170954000 5191000
1174548900 3516300
1177724900 3124200
1181258700 3503800
1184974900 3680700
1188593000 3553800
1192787700 4120100
1196287300 3404100
1199620700 3296700
1208674300 9000000
1212503700 3777400
1216395300 3826400
1223248800 6764500
1227204900 3892000
1230827000 3561500
1234834200 3955800
1239495200 4531300
1242884500 3348800
1245461600 2532900
1249131300 3630600
1251082800 1889400
1253162100 2015800
1254808300 1610300
1256467200 1636900
1258281700 1790200
1260060500 1753700
1261718200 1636600
1263247100 1513500
1264759100 1501000
1266202100 1432900
1267598900 1387300
1269042600 1434300
1270537100 1465400
1273585800 3032500
1275434600 1802900
1277482700 2019400
1279572000 2047800
1281429200 1809100
1283746400 2282000
1286113700 2340800
1289341500 3191900
1292320100 2924500
1293941800 1596400
1295627400 1665000
1298203800 2560600
1299922000 1684500
1301738300 1794800
1303353600 1589200
1305189700 1818400
1307171700 1962500
1309201900 2015300
1311189200 1968900
1313104900 1897300
1314735100 1611400
1316227300 1481500
1317640600 1399900
1319082400 1433900
1320508200 1416200
1322186400 1668500
1324482600 2276900
1326668000 2134200
1329352200 2637700
1331165900 1772300
1332822800 1623200
1335335400 2488000
1337410900 2035600
1339105600 1670600
1340837300 1718300
1342589600 1722700
1344398500 1774400
1347045300 2616400
1349703900 2628800
1351598200 1870300
1353185100 1568300
1354692000 1494500
1356131900 1429200
1357620400 1480300
1359110000 1480000
1360514900 1394900
1361901300 1378000
1363376200 1467200
1364796300 1410600
1366195000 1390500
1367572600 1368100
1369052000 1471100
1371231100 2170600
1372770900 1523500
1374231900 1450300
1375600000 1360300
1376987400 1378500
1378466200 1470700
1379888100 1410100
1381387400 1489500
1382801100 1404400
1384172600 1363800
1385557200 1377100
1387157300 1592700
1388866900 1687300
1390599600 1715000
1392211200 1574800
1394832400 2599800
1396577600 1728200
1398749500 2132100
1401333700 2541500
1403349000 1984700
1406265500 2884200
1408748000 2451300
1412040200 3255300
1415527000 3436800
1418601400 3032200
1422558100 3898800
1427094000 4394700
1431026200 3887300
1438940700 7848700
1442963700 3963700
1446949400 3915600
1450783000 3792000
1455346500 4508800
1459448500 4025900
1463179800 3687600
1465593300 2385600
1467603500 1985800
1469761400 2133600
1472363000 2557500
1476071600 3654300
1479953600 3825800
1482990400 2974600
1486091700 3052000
1489154900 3016400
1491320300 2133200
1494029700 2662500
1496794100 2733500
1498796100 1973000
1500939900 2113900
1503596800 2628800
1506099700 2456700
1508274100 2148100
1510219500 1922400
1511902500 1654400
1513641700 1718700
1515321900 1658800
1518658300 3314300
1525036400 6334900
1528124000 3011000
1530788400 2630700
1534155200 3335100
1537391700 3203300
1539650900 2233200
1544715200 5036300
1547158500 2247500
1548807500 1630400
1550328800 1507400
1552179100 1839000
1557309600 4988300
1559057500 1703300
1560666900 1593600
1562185800 1504700
1563850500 1653700
1565362000 1500500
1566859000 1486500
1568482700 1608200
1572781800 4278800
1576302000 3478300
1578051300 1707100
1579679800 1609000
1581238000 1546000
1582891000 1640300
1584684200 1773700
1587788600 3086700
1593309000 5359400
1595818800 2465600
1597940100 2095700
1600525900 2550200
1604784200 4220300
1609263100 4344100
1611134300 1846000
1612804300 1649600
1614584500 1763200
1616287400 1682100
1617954600 1651300
1622459900 4473400
1625700500 3109000
1627613600 1889600
1629640200 1998100
1631505500 1831200
1635230700 3704700
1643185900 7879600
1647100100 3886000
1649502800 2361000
1651566000 2037000
1658604200 7009800
1660704000 2010100
1663276100 2548300
1665064500 1767800
1666774300 1699700
1668638000 1852100
1675385800 6704700
1679044500 3420700
1681012700 1944100
1682738500 1707600
1687276200 4504500
1694280700 6891500
1696141700 1835700
1697730700 1570500
1699302300 1552200
1700826000 1513100
1703519600 2683200
1712479200 8805200
1714458800 1951000
1716485300 2008200
1718422200 1914300
1725594300 7136200
1730140000 4362300
1732435800 2244000
1734628200 2150900
1739672500 4989600
1745672200 5901900
1747884800 2175600
1751621600 3704900
1755392200 3722300
1758657700 3218700
1760433400 1742300
1762514600 2058200
1765264800 2729600
1766840600 1561000
1768401100 1550200
1769993300 1554100
1771547700 1542900
1773053200 1493700
1774510800 1449200
1775947600 1428800
1777392400 1436800
1778932300 1532200
1780423000 1479500
1781885700 1453300
1783361400 1467900
1784827000 1458100
1786309600 1474100
1787824600 1507400
1789400300 1567900
1790887500 1479000
1792334300 1438300
1793772600 1430400
1795232600 1452700
1796664200 1424200
1798240800 1569400
1799914200 1659800
1801563000 1637700
1803035200 1463300
1804508200 1465500
1806055700 1539700
1807665500 1595200
1809352500 1676400
1810858600 1496800
1812286800 1419900
1813885200 1590500
1815663500 1767400
1817267600 1594500
1818982300 1706100
1820522600 1531900
1822224600 1674300
1827065900 4793000
1840201300 13025900
1848600800 8182700
1851544300 2890900
1857836600 6239200
1862268800 4245300
1865252800 2962100
1867839200 2565400
1869582900 1724600
1871378100 1754800
1873111500 1719400
1874671800 1546200
1876275500 1593200
1877788700 1500900
1879350100 1551000
1880860500 1500000
1884274800 3403800
1888670400 4342300
1892832600 4104200
1897696900 4834000
1901411100 3662200
1909954500 8498400
1914287700 4151600
1918251900 3897500
1921767600 3467000
1925296200 3487200
1927267200 1941300
1929261500 1971200
1931059700 1768100
1932924700 1847200
1935343100 2390500
1937109900 1730700
1938944700 1809700
1941012500 2036000
1942830200 1803400
1944489400 1645700
1946075300 1574700
1947607900 1520500
1949698200 2080500
1952867700 3131500
1954758500 1864200
1956470600 1689900
1958082400 1593800
1959638600 1545500
1961106500 1458300
1962559600 1444200
1964011100 1442800
1965497600 1471600
1966988700 1482600
1968478000 1481200
1970125200 1635300
1971651600 1515300
1973278100 1616000
1974802000 1514800
1976240600 1430300
1977667600 1418900
1979123300 1447700
1980575100 1443200
1982015800 1432500
1984315100 2291100
1987367000 3026800
1989481500 2069800
1991506200 1977800
1993252000 1721200
1995410100 2142000
1997071300 1642700
1998667900 1585000
2000196200 1517800
2001671100 1465200
2003200700 1520800
2004726700 1517200
2006346500 1611500
2007928600 1568200
2009572200 1632000
2011227300 1642800
2012875500 1633400
2014768800 1880800
2016598400 1811600
2018531700 1922000
2020344200 1780400
2022250100 1893700
2024067600 1784800
2025820100 1722100
2028472800 2623200
2030284500 1798900
