17420100 17409900
19009200 1033400
19940900 917300
20665500 705600
21371000 691600
22123500 736100
22988000 850300
23969000 965000
24684300 688100
25730600 1019000
26517500 756700
27275500 736100
27897200 580800
28611500 698200
29429600 787200
29993200 541600
30529900 520400
30966500 422000
31452600 472300
32038400 571100
32506200 449100
33242600 720400
34315300 976500
35076800 709800
35700300 597900
36240200 499300
36984000 721300
37510800 496200
38021300 488700
38468400 418400
39170200 672200
39623000 436200
40023600 387900
40446700 397700
40952800 481200
41376400 409200
41881400 479600
42530400 633600
43028300 478200
43504000 457900
43993800 471000
44499500 490100
45266000 745700
45899000 611200
46357400 440900
46796800 413500
47215300 393200
47635200 394800
48101200 446400
48595600 468200
49074900 428600
49536400 448000
50006200 455000
50723400 697300
51475400 727800
52055400 558600
52666100 594700
53186400 494400
53621000 415400
54004500 358400
54342800 324400
54665700 310600
54977300 299600
55304700 315600
55660900 344400
56122200 439300
56491400 351800
56858400 351200
57200100 327700
57542600 329300
58083700 529600
58631800 533000
59183900 537500
59894700 688500
60818800 893100
61569000 732800
62305200 697200
62983100 647100
63736400 718400
64538400 779700
65092900 537300
65547700 440000
66221000 654600
66984300 740000
67720800 677000
68486000 743500
69130400 620300
69871900 721600
70489200 596400
71350600 841800
71957600 589900
72720500 724200
73450700 697000
74357400 870200
75068100 692100
75666000 566500
76172700 489700
76676100 473500
77462900 734000
78219000 741700
78886900 652900
79625600 718700
80516000 869800
81294900 757300
82101300 785100
82841800 698000
83716800 813200
84642400 895200
85127900 471600
85828800 653100
86726100 876400
87345800 607000
88014900 654100
88635000 565100
89216100 564900
89812400 581600
90664200 838300
91328000 647200
92107800 733600
92768400 625400
93482500 683100
94364200 857000
95255800 870500
95876600 593000
96671200 769500
97417400 720100
98344600 892200
99086300 723500
100030300 928100
100782500 727800
101362800 567600
101949700 567000
102633800 657300
103525900 857600
104693600 1147400
105604700 893200
106454000 827800
107118000 633500
107833000 688300
108528900 679300
109249500 701500
110024800 753000
110816500 770500
111526000 689500
112305500 750700
113030400 704100
113865000 812400
114803000 857300
115732900 910900
116849800 1100100
117652500 774100
118343200 669200
119023900 660600
119866900 808600
120632400 746800
121395200 747800
122156400 743100
122816900 640400
123646600 814300
124469700 804200
125334600 849100
126189100 829600
127125400 910900
128006500 857500
128938300 913200
129675600 718500
130245600 548000
130933300 667200
131449000 500000
131953500 481700
132683400 712800
133416300 721900
134293300 850800
135047000 743600
135624000 561400
136125000 482900
136614100 474100
137076400 447600
137640600 551600
138355000 700400
139166500 790400
139882100 703900
140380100 484900
140998400 605100
141721300 711400
142607300 868000
143569700 949500
144600900 984900
145421400 802500
146098700 646200
147040900 926400
148018500 960600
149041800 997200
150057000 987100
151076700 990500
151901200 805500
152731900 818900
153648800 904700
154512400 846100
155444800 914700
156348500 857300
156938300 575900
157559700 606900
158148000 573800
158767100 606300
159416600 631400
160264800 831000
161081000 799000
161747400 646500
162470300 706800
163271000 783600
164328400 1036300
165271900 924000
166248500 949300
167177800 875200
167808600 618800
168367200 546700
168901200 523300
169568600 651300
170105000 524100
170734000 618200
171529300 782100
172179800 635100
172783700 590800
173446300 647800
174238800 776600
175028000 774900
175904800 860600
176692800 751100
177470700 756800
178082200 597100
178784100 683400
179473500 679200
180191600 707700
181036000 833000
182122800 1071400
183173600 1031000
184382200 1141600
185190200 790700
185905500 700900
186657700 739800
187419700 752600
188186800 752600
188804300 605400
189488500 666700
190232700 733700
190886700 634500
191557900 659400
192460300 889300
193439100 966300
194401200 936900
195307700 895100
196275400 950100
196997000 685400
197785600 776300
198554500 755500
199436900 867500
200731200 1273800
201739000 974000
202607900 854600
203538800 912400
204694700 1135800
205605900 895000
206438300 811200
207346200 890600
208068800 705100
208713500 632700
209424500 699700
210229800 793000
210886400 644300
211634000 736600
212536300 864200
213649000 1087400
214840000 1161200
215863900 1010200
217019600 1136700
217958700 915500
218913900 936000
219804200 871300
220617500 799900
221478000 849800
222490600 998200
223559700 1057300
224480400 889700
225456800 961200
226449200 980700
227364000 896300
228337800 953400
229362800 1013700
230206800 830200
231032100 811300
232312700 1261400
233432700 1093800
234421000 967000
235461500 1019300
236388400 910900
237310700 906400
238213100 886400
239294400 1070200
240120200 808600
240979200 845100
241830800 838000
242839200 995800
243732400 879900
244712600 968400
245514200 787500
246441200 916700
247570300 1102400
248783700 1197900
249989900 1188600
251113600 1092600
252212400 1084800
253461600 1232900
254652200 1175600
255737000 1067400
256727800 974800
257596200 850600
258571800 962500
259504000 917200
260595200 1071400
261944900 1326600
263277300 1312400
264666400 1372400
265506400 816400
266331000 802800
267507100 1153700
268397200 848600
269319500 885700
270102700 755600
270831300 710400
271550000 701600
272245700 678200
272931700 671200
273757200 806400
274517300 740400
275198500 665800
275853500 640100
276553100 689200
277439500 864500
278142900 683500
278781100 622700
279473100 680800
280233400 742300
280933800 681900
281616900 667200
282319400 688900
283004000 671400
284230200 1203800
285431000 1155400
286328400 869900
287139100 779000
287868500 709900
288735100 846300
289850000 1075100
291072500 1207300
291874600 786400
292893400 1005900
293866500 959400
294770300 886100
295980000 1186400
296978900 983500
298107700 1116800
299491800 1352100
300891700 1369300
302337800 1402800
303276500 927400
304311400 1020900
305308800 984100
306639800 1315300
308023800 1367900
309251900 1209700
310457400 1193400
311751300 1276200
313150300 1383800
314396700 1223700
315571500 1147200
316854300 1268200
318229800 1359100
319291200 1049800
320463900 1159800
321580400 1103700
322562700 968800
324087900 1504700
325513300 1408800
327001000 1471400
328438500 1413800
329822000 1362000
331318500 1464400
332564400 1232700
334116400 1536500
335592100 1446700
336818700 1216100
337957100 1125700
338904800 927400
339871600 952100
341608700 1709000
343169800 1533200
344599200 1412600
346118200 1503100
347670200 1531700
349340300 1650600
350991500 1636700
352573100 1536900
354430700 1838700
355787200 1335300
357138200 1328300
358802500 1648700
360439900 1623200
362390700 1925300
364172500 1750000
365615400 1428700
367313900 1681200
369101700 1767700
370716800 1599700
371859800 1122700
373203500 1326400
374652500 1432200
375827600 1152200
377413400 1572500
378673600 1242200
381375200 2687400
382624000 1229200
384295300 1650900
385831400 1507800
387357700 1515800
388864600 1496900
390424600 1532200
391625500 1190900
393159100 1523100
394775400 1595600
396249200 1459100
397334800 1073600
398910500 1565300
400508700 1578500
402330400 1786400
403960700 1617300
405350700 1371600
407265300 1897800
409360000 2081700
410727000 1347300
412002400 1262200
413359400 1347400
414794100 1417200
416302000 1493100
418066200 1753800
419621300 1544000
421150000 1506100
422848400 1688100
424525500 1664700
425974100 1421300
427351500 1363600
428669700 1306700
429791300 1110900
431101500 1298700
432433000 1300100
434094600 1648300
435911700 1801700
437493300 1568500
438957700 1451700
440249600 1265900
441603100 1340900
442885600 1271600
444443300 1545500
446095400 1638100
447997100 1886100
449780200 1771500
451645100 1839500
453454300 1782800
455353100 1880000
456997100 1627600
458527500 1515200
460322600 1767300
461854600 1509200
463843300 1975400
465444700 1573500
467627700 2137300
470015000 2302800
471624900 1593100
472964700 1324500
474400000 1420200
475950800 1529300
478049500 2063200
479494800 1425500
481329100 1817100
482981100 1634100
485065000 2072400
486409900 1324600
488189900 1739900
489573700 1363500
491238000 1637000
493479000 2225300
495653100 2126700
497027700 1360400
499088500 2042500
501372100 2257100
503642200 2171000
505825000 2161100
508014300 2174200
510236600 2203100
512390100 2137000
514434800 2027900
516029400 1572100
518215900 2161900
520144200 1900800
522178200 2015400
524265700 2073800
526005300 1722500
527814500 1791000
529905700 2065800
532135800 2202700
534614800 2461800
536959800 2301600
538908500 1932600
541082500 2156600
543074900 1966000
545212200 2117100
547257700 2033200
548903700 1622600
551123200 2193300
552689800 1546100
554507400 1802100
556806500 2278500
559376700 2552200
561771600 2377000
564009300 2214700
565930700 1907500
568370000 2411400
570692100 2306500
573294500 2582400
575731500 2421900
578763600 2992400
581498400 2684300
584158900 2642200
586827400 2640000
589116700 2267900
591367600 2236400
594139000 2750500
596580800 2425200
598794300 2195100
601169000 2355000
603383100 2198400
605793600 2384600
608119700 2310200
610410200 2246000
612857300 2434800
615406700 2531200
618124100 2702600
620330200 2153000
622446900 2101100
624799300 2336900
627156300 2341400
629644000 2471400
631965200 2301600
635109600 3129600
637469100 2312700
639916000 2431000
642578700 2644200
645059000 2465500
647702000 2622700
650393100 2677900
653013100 2591900
655811600 2733000
658715500 2886200
662054700 3326200
665462800 3377000
668453000 2968400
671200500 2735900
673745800 2521900
676483900 2720700
679160000 2662200
681897400 2715900
684855800 2944300
687401800 2531200
689992000 2575500
692560800 2522100
695430000 2855800
698280300 2827500
701141300 2818900
703628100 2473500
706256000 2612500
708933400 2662100
712099600 3136300
715395700 3260200
718170200 2701400
720860900 2675500
723533700 2643900
726159700 2610700
728805000 2630200
731395400 2574700
734182300 2770500
737175100 2979800
739828700 2616900
741565000 1680400
744427400 2825900
747305500 2837700
749075700 1724700
751614300 2501500
754430000 2787700
757633800 3160700
759460700 1777500
761187700 1690800
762901600 1684700
764539200 1614500
766330700 1770700
768563400 2202500
770521200 1937700
772118000 1555800
774222800 2073300
776521800 2267000
778993100 2427300
781797800 2759800
783635900 1812200
786373800 2719100
788155600 1734900
790023800 1832400
791922500 1856000
793690400 1740500
795365500 1645500
796971900 1585800
798584200 1590300
801152200 2555000
803585500 2397500
805178500 1573200
806793300 1597000
808340600 1530800
810938300 2574800
813596600 2622800
815381500 1727200
817579300 2173400
820095500 2453700
821759900 1635600
823375000 1587700
825856900 2421000
827539100 1660500
829759700 2204900
831352000 1580700
833148800 1774900
834975800 1791600
836664800 1659800
838178100 1494200
839984200 1781800
841535700 1528700
843002700 1442300
844558200 1543400
846117000 1542800
848489100 2357500
850389100 1886600
852347400 1913400
854168100 1782100
855978400 1761600
857605900 1596100
859330700 1699800
861001100 1646200
862678700 1658100
865086000 2393900
866881900 1776200
868739700 1836500
870432200 1656500
871998900 1538300
873504300 1490800
874970900 1452100
876486400 1500900
878064700 1568900
879510100 1434700
880984300 1460900
882409600 1414300
883961300 1538800
885412100 1435600
886833300 1404500
888298000 1454500
890085100 1778700
891660700 1562200
893174000 1499500
894920100 1729700
896545500 1608300
898049700 1488600
899588400 1527900
901633400 2032600
903849700 2203900
905542700 1661800
907064900 1501400
908600400 1514700
910108400 1490500
911596300 1472400
913533900 1924100
915330000 1768200
917146100 1793000
918903500 1733700
920477400 1559500
922018000 1528600
923602900 1569200
925083100 1465300
926590500 1496200
928060900 1459400
929607900 1537800
931229800 1612500
933512700 2272200
935256500 1720300
936817800 1536300
938322600 1488500
939944800 1607000
942151200 2177400
944464900 2263400
947572400 3062500
949328500 1743500
952569400 3221100
954966700 2367000
956625900 1631400
958415900 1768600
959935100 1503600
961461700 1514500
963172900 1701800
964890000 1690500
967259800 2334900
968911200 1618700
970497400 1569900
972284100 1767700
973997100 1693300
975659200 1645200
977302600 1633900
979074100 1759800
980681500 1588100
982677000 1982800
984815300 2119400
986563200 1726200
988520200 1938300
990182700 1649700
991707500 1503900
993299700 1577200
994949900 1632500
996589900 1617400
998082000 1477100
999574500 1480700
1001897000 2302300
1003885900 1973800
1005533100 1626000
1007093900 1542500
1008775700 1665600
1010461300 1661800
1012001200 1524900
1013665600 1652700
1015325700 1648700
1017276900 1942900
1019605100 2297900
1021773100 2119700
1023615800 1812500
1025763900 2125500
1027423500 1632200
1028918700 1480500
1030478400 1543200
1032052100 1565100
1034705500 2637600
1037535700 2785200
1039299400 1723600
1041347500 2023500
1042924800 1556700
1044939600 2000300
1046698400 1746000
1048715700 1997600
1051057200 2306700
1053749800 2654500
1056049800 2248300
1058081800 2002900
1059809000 1709600
1061493900 1676600
1063554800 2047400
1065288400 1712600
1067466800 2163000
1070621200 3113600
1072817900 2141800
1075063800 2209500
1076775100 1698900
1078506500 1718000
1080495600 1970800
1082209600 1695600
1084257400 2033700
1087382600 3081500
1089395700 1988900
1091732400 2326700
1093494300 1735500
1095546700 2030100
1097251500 1679400
1098956700 1689200
1101911200 2942000
1104621300 2676800
1106636000 1987200
1108860800 2185100
1111270200 2368200
1113096200 1795000
1115250600 2123300
1118491300 3207200
1122246300 3737000
1124443200 2145400
1126417700 1943100
1128333600 1894700
1129942200 1588000
1131532200 1576200
1133742600 2191300
1136152800 2355100
1138628600 2432600
1140390600 1728300
1141995700 1587700
1143487900 1479600
1145994400 2488000
1147679000 1653900
1149638100 1947800
1151693900 2016500
1154218200 2476200
1155940400 1692100
1157515300 1561400
1159128100 1601000
1160711200 1569700
1162360000 1638800
1164230400 1861600
1166312200 2065700
1168055100 1714600
1169775200 1702000
1171440200 1651500
1173004800 1554800
1175053000 2038300
1176601400 1533300
1178199600 1570100
1179912900 1704400
1181474300 1550800
1183071800 1587400
1184934500 1845900
1186514300 1567500
1188030700 1507000
1189513600 1474700
1191327500 1806400
1193007000 1669300
1195426100 2410800
1197496800 2043700
1199195800 1676000
1201042700 1829600
1202889400 1826500
1204688000 1778400
1206296000 1593200
1207765400 1459000
1209237600 1463300
1212179000 2933600
1214050200 1851400
1215625300 1561600
1217787300 2139400
1219357600 1552200
1220945700 1576900
1222474400 1519900
1224235800 1753300
1226380700 2134300
1227956400 1563500
1229377700 1411300
1230811900 1426200
1232402500 1582300
1234730600 2315200
1236408200 1657500
1237957000 1535800
1239956000 1989000
1242005900 2040300
1243703900 1676300
1245314200 1592500
1246906000 1578200
1248892700 1973200
1250735300 1824100
1253296700 2526800
1255333300 1977400
1257354200 2009900
1260126600 2745900
1261934700 1793000
1264405600 2457600
1266390600 1913400
1268960000 2524900
1271323900 2345900
1273329800 1975200
1275039200 1692600
1276660900 1603200
1278264000 1589200
1280189500 1909500
1281961700 1754800
1284733200 2757200
1287117000 2351700
1288987500 1847600
1290725800 1718000
1292351600 1612300
1294029500 1651600
1296140900 2094600
1298179800 2026600
1300458700 2266800
1303052700 2559900
1305087700 1989000
1306757100 1649200
1308431100 1658300
1310258500 1815500
1312315400 2045800
1314335700 2001500
1316359600 2002700
1318490300 2097900
1320377500 1848100
1322065000 1667100
1323786100 1708300
1325846000 2036100
1327569400 1701900
1329196900 1614800
1331714500 2507800
1333928700 2205500
1336792000 2808500
1339327900 2508600
1341569300 2206800
1344813600 3215300
1346790000 1933000
1348758600 1942300
1351943300 3140200
1353944000 1975700
1355872100 1900500
1357701100 1808200
1359592900 1868800
1361504700 1874200
1363642200 2097900
1367333400 3616200
1369429300 2065500
1371729500 2269600
1374796400 2989100
1377433100 2568900
1379334800 1871100
1381220100 1859600
1384064400 2819500
1386654300 2536400
1388977800 2309000
1392328600 3317800
1394221000 1865300
1396004100 1752500
1397679200 1658400
1399972300 2266300
1401992300 1988000
1404111800 2058100
1406354800 2209800
1408291500 1920700
1410017300 1711300
1411763300 1730200
1413718300 1929900
1415593000 1862500
1417506100 1899600
1419350700 1829100
1421209800 1846100
1423020200 1796100
1424950100 1899300
1426864500 1861800
1428696700 1819600
1430496000 1786000
1432347900 1839500
1434089200 1709100
1435774300 1670100
1437829200 2044500
1439532100 1692100
1441239900 1697300
1442873200 1620400
1444764800 1879800
1446468500 1684600
1448692500 2194100
1450588900 1878700
1452461200 1860900
1454143900 1667000
1455750600 1592500
1457374400 1612700
1458951600 1568000
1460577700 1613900
1462383100 1793100
1464363400 1970600
1467671400 3267100
1469932900 2236400
1471828300 1870900
1473732400 1879000
1475679600 1914800
1477554200 1845100
1479393100 1772600
1481781400 2372400
1484195600 2385300
1486105300 1876800
1487748000 1604700
1489552600 1794000
1491544400 1979700
1494584700 3030100
1496919900 2311000
1499525500 2585100
1501397400 1841700
1503163600 1746500
1506039100 2860000
1508762900 2708600
1510679500 1905600
1512455600 1759000
1514389100 1906400
1516255500 1836600
1518041500 1773700
1519680600 1628800
1521337000 1646900
1523617500 2255500
1525424800 1795900
1527115500 1674500
1530142500 3008800
1532190600 2017800
1534105600 1893600
