27494300 11937000
31914900 4374600
35908800 3973300
39264300 3332700
42932000 3634700
46272900 3291600
49573300 3267100
54501700 4906500
58931500 4356200
62742100 3706400
65996500 3235900
70456500 4434800
74273400 3788400
77722000 3406100
81077100 3341500
85108400 4012300
89148700 4019600
93515400 4335700
99182400 5652400
103152600 3949600
107301900 4114100
111584400 4268000
115173600 3570300
119971600 4779400
124803100 4810200
129842900 5015600
134646000 4786300
140052400 5388600
144509700 4427200
148609200 4083700
152971300 4343900
157995800 5008200
163203500 5190600
169085500 5866100
185399800 16288300
190775300 5356400
196864400 6059600
200920500 4045200
206958000 6021300
212215500 5235600
217113600 4878300
224053300 6924800
231553200 7486700
239149900 7577800
248687600 9507700
257932900 9159700
266455400 8471900
274654900 8181300
282599700 7917100
292086300 9474700
299834000 7706900
307018400 7170000
314304100 7260200
321649300 7333500
329661000 7992900
337445600 7770500
345414400 7948500
354332200 8899800
364531100 10156800
373951200 9399100
414455100 40486000
424881200 10385900
435562800 10663200
447060900 11482400
457030000 9956100
467691800 10638100
480329900 12621100
490138400 9794600
499911800 9754200
539533500 39606200
555749200 16199500
571082800 15259700
599361900 28262400
734666100 135279500
824027300 89337900
847754300 23692400
867821000 20049400
900021200 32184800
924026000 23978200
959423000 35312300
986541400 27086200
1043244100 56681900
1067203500 23885000
1148986900 81755500
1213406900 64367600
1277503500 64051200
1294581200 17062900
1321221700 26621100
1338300700 17058400
1385403100 47080800
1399528400 14113100
1428313400 28762500
1472992200 44540300
1517023800 44006300
1588581800 71510800
1640714400 52015700
1663722000 22784500
1694215200 30480300
1721066700 26827600
1751974300 30758100
1828109300 76104500
1871329000 43019800
1892332200 20994000
1940343700 47964300
1982434100 42064100
2014579900 32136300
2087694600 73096900
2101262900 13531800
2126681100 25381700
2140778800 14060700
2154734100 13918500
2168608000 13837800
2181915200 13280200
2195132100 13193200
2258157800 63002500
2279374700 21192900
2317641600 38240100
2351861000 34185700
2376243600 24345100
2391977800 15698300
2405447400 13432300
2419283400 13813700
2456192700 36886500
2480882400 24663500
2507037800 26131000
2521095200 14033200
2540805400 19685200
2553736700 12885300
2567181800 13416700
2581185600 13978700
2594170500 12961900
2607488900 13296700
2621137800 13626200
2633925500 12752500
2646939500 12981100
2659996400 13034200
2688232300 28216600
2717068600 28813500
2731411700 14317400
2745777900 14342400
2780645000 34820300
2793702400 13019200
2806142300 12415700
2819687900 13527000
2866638200 46927400
2881240300 14571400
2907010500 25748200
2930471600 23417500
2947055700 16559200
2967570400 20476900
2996095200 28489000
3013755600 17636300
3059331500 45551000
3084057400 24673600
3245538500 161377900
3261931000 16368800
3279629200 17625100
3578596700 298944300
3615656800 37024700
3648438000 32732600
3666275600 17704200
3706104300 39805800
3718399400 12271800
3730598200 12174300
3742920500 12286300
3755448300 12504900
3769508300 14036600
3786203800 16657200
3806285500 20042000
3820595000 14196500
3842682400 22060900
3873410100 30597600
3893102300 19657400
3908801400 15660200
3921520100 12679300
3960100100 38520000
3983298500 23160500
3995808500 12472200
4020001000 24120800
4043171800 23147700
4056104600 12896100
4069204100 13061000
4090680200 21318800
4107946600 17241000
4127115100 19133000
4150326700 23181200
4174552100 24188600
4190243100 15528700
4206761700 16406500
4237883600 31080000
4261591100 23669700
4274177900 12561400
4309554000 35336900
4332799600 23220700
4355904900 23033600
4367951100 12009600
4417013500 49025300
4434747500 17695000
4448319000 13546900
4460135000 11766200
4475867900 15710100
4488026400 12133700
4517739200 29676100
4620622700 102859900
4641113800 20236400
4760631900 119421500
4785405200 24746400
4803127000 17611500
4818031500 14874300
4835090700 17035500
4846346000 11228100
4857665700 11297100
4869847600 12142000
4882317500 12447500
4901300200 18960100
4916589100 15250300
4929954700 13317000
4941272100 11280600
4956020100 14727300
4970739200 14670400
4983134400 12371100
4995318300 12159600
5009917100 14569800
5025534300 15553400
5049664500 24104800
5084850500 35154900
5106490300 21594100
5129375500 22860300
5153367600 23966600
5165765300 12371800
5177188200 11384600
5189080100 11857800
5210654600 21538900
5222198800 11519700
5246874900 24632800
5270526900 23627700
5282446300 11892300
5305188400 22717400
5317383900 12159400
5339802300 22395500
5351507100 11681400
5374399700 22853200
5386394000 11940500
5399362500 12942800
5411865000 12471400
5423888500 12000100
5444294900 20379100
5456619700 12302200
5467808100 11167200
5492531400 24703700
5514773700 22206400
5588574700 73775500
5605734600 17134000
5618769800 13004600
5629942800 11117200
5645071500 15106300
5656534500 11439900
5676473900 19917400
5687749900 11254000
5711129500 23347600
5722591100 11437900
5745732800 23119600
5768605800 22849700
5781611800 12980200
5822377100 40743700
5835665300 13257400
5847859700 12168900
5869488100 21605700
5880434600 10923500
5891358000 10906300
5902251900 10876100
5917808800 15541400
5959085400 41250300
5973431700 14321100
6009007500 35549800
6021073700 12037700
6033015200 11918900
6046933000 13888900
6058918300 11962400
6081868300 22913100
6105070100 23165700
6116814600 11720300
6128828700 11983300
6162044600 33191900
6184607500 22539800
6197738600 13109400
6219646800 21887300
6234877100 15071100
6250044300 15130100
6263557600 13484800
6284673600 21090500
6338117300 53398800
6350381400 12213600
6385582000 35176600
6417720600 32115200
6450527600 32779100
6474542900 23991300
6486880600 12313100
6502476800 15571400
6531531800 29031400
6554366700 22812200
6571431000 17041200
6587394200 15923000
6600111600 12671200
6619552200 19402900
6637416100 17839000
6650811300 13373200
6662577700 11730400
6682614500 20014600
6702093300 19442300
6713480100 11352500
6728670000 15171100
6740159800 11429200
6763569800 23389000
6775260800 11668400
6794765200 19480000
6810572900 15783100
6837216100 26604800
6855291500 18050300
6874913700 19587100
6886814700 11874600
6903559400 16723700
6919737600 16122500
6944644300 24854900
6958666800 13997700
6980344900 21611800
6998284600 17919200
7037100300 38788400
7048245700 11116900
7062841300 14575400
7075526600 12651800
7087502900 11945600
7101161500 13634700
7118691300 17504900
7130370300 11647800
7151853400 21459000
7174659600 22779000
7206510700 31809400
7220239200 13699000
7236400300 16136000
7249159800 12734000
7265157500 15974600
7279743000 14549100
7297071700 17284300
7319464100 22353100
7352703900 33037000
7375385100 22447800
7405908700 30441900
7425298800 19190300
7445187600 19839900
7471012700 25799300
7506444000 35223400
7520060200 13588200
7538581700 18496700
7558112600 19472200
7570711100 12558500
7588083900 17349400
7607226600 19116800
7634076000 26782800
7669910100 35786800
7686881200 16940900
7703971300 17062400
7717524700 13514900
7729096800 11547000
7748479500 19322600
7763388700 14863900
7776098800 12659100
7798155000 21979800
7811088000 12891800
7855035700 43925000
7871097700 16038300
7888904200 17783000
7909465100 20534100
7925206700 15715400
7946588200 21342400
7986029800 39391800
8090696800 104643000
8103779700 13029500
8140046300 36209400
8161633500 21550800
8181439900 19782400
8192778800 11315600
8207398500 14583900
8219827100 12405900
8235613000 15746500
8255019200 19357800
8277354400 22311500
8289453600 12055200
8313482300 24002300
8379591600 66017500
8396817700 17200900
8411825800 14983500
8423608900 11758600
8446514600 22881200
8460178900 13625000
8473956000 13749900
8487165400 13185000
8500344000 13146700
8514089100 13720100
8525886500 11754400
8537135100 11226400
8596391500 59235400
8618807400 22370300
8653102800 34270300
8675836200 22710100
8688618300 12743200
8901621200 212957600
8926771900 25126200
8939354000 12557600
8957053900 17676000
8982268500 25177800
9015391500 32800100
9062063700 46572400
9082391100 20301100
9101159500 18724600
9134082400 32882700
9147744400 13627400
9163934400 16148000
9178669000 14709200
9191763200 13060300
9219241900 27452300
9235849000 16576100
9250141000 14262900
9278897100 28708600
9293275400 14350400
9306899900 13599800
9321289500 14362900
9346158200 24837200
9359401700 13218200
9371833800 12407500
9408869700 36979400
9432916200 24022200
9446458700 13519600
9458682100 12202900
9471081000 12332500
9482660000 11546000
9523959500 41245300
9579857300 55870300
9594030200 14128600
9617120700 23005500
9639500800 22323500
9659738900 20200400
9682766500 22991700
9699621300 16688300
9717151700 17497600
9737818500 20635000
9754440000 16588700
9770608200 16121500
9782873200 12228400
9811801300 28905800
9825500500 13673800
9837667300 12143000
9854830400 17135700
9872248200 17394300
9917616000 45323500
9930995500 13341700
9942826500 11800300
9955168100 12307200
9967063700 11859300
9978841100 11760300
10049714500 70812700
10061391500 11649600
10084531300 23116900
10107557300 23001300
10130702100 23116900
10153598700 22865900
10166098900 12475900
10189775900 23614400
10212461300 22660900
10225258100 12773000
10239221700 13940200
10252222800 12977600
10264729600 12473100
10276982900 12228700
10289965200 12958100
10346224000 56234500
10359334300 13087500
10376084200 16717000
10399213100 23106100
10415704700 16465300
10430472900 14741800
10449307100 18794600
10475486500 26155800
10494907000 19375100
10511093900 16142600
10524372200 13244500
10558304500 33889700
10581849000 23437900
10600485500 18506700
10612142800 11633700
10629152400 16986200
10652207900 23031900
10664626400 12383000
10684536900 19883200
10696039800 11480000
10707858600 11795400
10719843000 11939600
10731811600 11945800
10744930900 13097100
10783845400 38891300
10796896400 13028200
10807950700 11022300
10820874300 12901000
10841876800 20979600
10853926700 12026900
10876586200 22636300
10889320400 12699200
10913213200 23855900
10936595100 23356100
10964248000 27629700
10977324800 13036600
10990003600 12654000
11001502300 11474300
11013792500 12267400
11024842500 11022300
11036732900 11869300
11078320800 41564500
11090498600 12131200
11125218100 34655300
11137428100 12186100
11150283400 12830700
11162414600 12060700
11183318700 20871500
11206209000 22853000
11236558000 30298900
11267747300 31143800
11287855900 20044500
11301726700 13842200
11313575200 11821600
11325103000 11503600
11336652100 11524200
11359631700 22955800
11378871900 19161600
11395999600 17084700
11409702600 13680600
11422714400 12984600
11437099700 14328500
11461277000 24149000
11475725700 14425600
11490242700 14493700
11506727000 16457900
11519995600 13245400
11532904800 12885000
11552976100 20007900
11566108400 13109000
11587696900 21564000
11610584900 22862000
11623138200 12528100
11645147200 21985100
11658851100 13666500
11679799000 20919800
11691277800 11376200
11703229700 11928200
11715536700 12284700
11726643200 11084800
11738645900 11979600
11762458500 23777600
11777820600 15338600
11789999200 12102000
11812407900 22385700
11835238000 22807200
11847737500 12474500
11869882700 22120000
11881620600 11714600
11893144100 11501000
11905370300 12191300
11917205300 11811900
11928716200 11444500
11952604900 23864000
11964962700 12333500
11987139000 22139700
12010053500 22891400
12021922700 11829600
12033740500 11772700
12045032500 11266500
12056701900 11648000
12068729000 11975500
12091370500 22610200
12107952700 16520200
12126089100 18111600
12137917300 11802800
12170159900 32218300
12182228300 12044500
12194157000 11904600
12228652500 34472800
12251951700 23265200
12263873700 11895200
12287193300 23297400
12300615300 13402600
12312988500 12350500
12324559800 11538800
12371447800 46865300
12394185200 22712700
12407506000 13296300
12419222000 11695000
12430977300 11734900
12444040900 13032800
12465933400 21750300
12489300800 23225400
12502333100 12896700
12522832300 20474800
12534676700 11819300
12546562300 11862000
12559172000 12571300
12570674300 11479400
12592767800 22071700
12615672300 22875900
12628531400 12836100
12639689200 11118000
12650959100 11247000
12663094300 12104300
12685391900 22275100
12697738200 12323600
12708928500 11164100
12723518600 14568500
12735012400 11472000
12746160500 11128100
12768313100 22123300
12791154300 22818700
12803331700 12153500
12814851500 11496900
12826877500 12006600
12838631200 11735200
12850470300 11804700
12873297300 22809000
12896122600 22805600
12907558500 11412000
12919093900 11519600
12930599100 11483700
12943019500 12403100
12956906000 13869900
12978924100 22000900
13001807300 22860300
13014094200 12250100
13036436600 22320700
13048522600 12065500
13059622300 11065100
13071015500 11375700
13084223300 13189700
13097310200 13053900
13117901200 20430600
13140059100 22122100
13174686900 34600000
13197596300 22871800
13220513500 22894600
13243413500 22877000
13255033400 11597000
13277963900 22907300
13289183300 11195500
13300387500 11166500
13311720100 11300000
13322996600 11257500
13334369900 11343100
13360604600 26201700
13383424500 22795100
13397472300 14020100
13410489700 12992700
13448294400 37782100
13459598800 11281400
13483640500 24018700
13495184400 11520900
13507614700 12408300
13520049100 12413200
13543101500 23030800
13566346400 23222000
13581012400 14639100
13594068600 12696000
13615150600 21057800
13628259500 13076100
13643354500 15072200
13658756400 15379500
13672955200 14170400
13687265300 14286000
13703662200 16373800
13718708500 15022300
13733107200 14372500
13771153000 38002000
13793820300 22630900
13805132500 11289200
13828403600 23248800
13851216300 22769000
13874077000 22834200
13897048500 22949100
13909835800 12764000
13931580600 21722300
13954460900 22838000
13977318000 22833900
13989208200 11861600
14000969800 11738700
14013155600 12158600
14024721600 11542400
14036252000 11473500
14061246700 24971400
14073262500 11993700
14094515600 21230100
14107378500 12839500
14129127100 21706100
14141746100 12553200
14153945300 12175200
14166379400 12410000
14177605400 11202300
14189686900 12046600
14201295000 11555400
14222616200 21298700
14234805600 12166500
14257221700 22376100
14269499600 12250400
14281585400 12062300
14293572600 11957800
14307101800 13504300
14582495400 275368400
14601143700 18613800
14630763900 29596800
14659154700 28353100
14672172400 12993800
14687590400 15371900
14707899700 20265400
14720096700 12124200
14732236000 12115700
14745057300 12798700
14757507600 12390400
14770915000 13384400
14821789700 50851800
14835599400 13786700
14871689300 36054300
14894617800 22851400
14905976500 11335400
14929158500 23158800
14940513000 11327800
14953037600 12501700
14966582300 13521800
14989571800 22965900
15001581600 11987400
15014643600 13038600
15027053500 12387000
15052409800 25333300
15066307000 13873700
15077774100 11443700
15090856500 13059800
15123792600 32899500
15136208900 12371500
15158376300 22135500
15170741200 12333600
15193111700 22346700
15205203900 12069100
15217619600 12392000
15251106200 33431600
15274439300 23308600
15297750200 23287600
15309785900 11997300
15322458100 12649100
15335659700 13171700
15348032900 12339400
15359967800 11912100
15381734800 21744700
15406266600 24508000
15422935500 16643600
15435972500 13004400
15456271800 20276200
15468900400 12605200
15480630500 11696100
15498573500 17919600
15510513000 11910900
15522285600 11747900
15534213900 11904700
15546370500 12133300
15568178200 21781600
15580405300 12181300
15592521800 12093100
15604489200 11948000
15615920700 11375500
15627251600 11308700
15639292200 12023400
15650828400 11497800
15662281700 11435200
15673800300 11498600
15685142100 11323400
15697610900 12449500
15731225800 33574300
15743132100 11882100
15760587900 17412300
15773067400 12440300
15790345300 17252400
15805014100 14626600
15819097800 14043400
15846463500 27321200
15870847500 24347100
15884095300 13214500
15899152300 15029000
15911462400 12254900
15924481700 12935500
15938896600 14356100
15960095500 21174800
15974965500 14805700
16008741300 33751000
16050471800 41684100
16064922700 14368300
16076765800 11806200
16105409800 28609000
16118372700 12940000
16131201300 12804500
16143028000 11789200
16157954900 14900500
16171485700 13505700
16185961100 14452300
16200780900 14794200
16215172100 14365900
16226922500 11696800
16247087300 20142200
16284066500 36801400
16296143100 12054100
16310050800 13884700
16332727000 22653900
16355914200 23140400
16367962100 12025600
16391331500 23345700
16415565400 24194500
16427792500 12200900
16439670100 11816200
16452382600 12688600
16466311500 13905700
16478086700 11752000
16519549300 41442400
16531131200 11559300
16542686000 11532100
16554034700 11326100
16566724100 12667100
16578905600 12129300
16591784300 12855500
16615152000 23344700
16626937600 11763000
16640082700 13121400
16651902000 11790700
16663790900 11866200
16684099800 20286200
16695638000 11515000
16707400000 11739300
16719124100 11701500
16731412000 12251900
16743434000 11991800
16788810800 45353500
16811313200 22475400
16836222600 24866100
16854487900 18242500
16869812800 15285500
16881673500 11821700
16893059700 11350900
16905435700 12354900
16918518400 13060400
16941354300 22806500
16953907600 12531200
16976673400 22743000
16989110800 12414400
17013195200 24061800
17036503600 23284300
17048604100 12077700
17059853600 11206900
17071321900 11446300
17082783000 11427300
17096791100 13988600
17108968400 12146800
17121279700 12287500
17133423000 12121500
17146714000 13267900
17158943700 12209100
17170885500 11920200
17188085500 17175800
17206277300 18169400
17218596600 12266000
17230674200 12042800
17243174900 12474900
17255009500 11809200
17278610600 23580200
17303799400 25144500
17326048900 22225600
17338429200 12350700
17350376400 11919000
17362199700 11799600
17398284400 36059000
17421144400 22834000
17434621300 13453900
17455744000 21102600
17467424400 11656200
17478606300 11149500
17489836000 11194600
17504649500 14794700
17516093300 11419300
17538584300 22457000
17561382600 22772200
17574612100 13205700
17595968200 21332900
17608085700 12091700
17630600000 22478800
17643018900 12395600
17654774800 11720400
17668634500 13837200
17688646000 19987300
17701658100 12989800
17723179700 21498700
17746061400 22858700
17758547500 12462800
17783957600 25311800
17796977400 12996300
17809777700 12744600
17822740100 12936600
17852281600 29489900
17865902300 13596700
17877053800 11109700
17889573800 12485500
17910309400 20710100
17933186800 22840900
17956023600 22770300
17967940000 11864300
17990569000 22592600
18003542700 12946900
18016081900 12514400
18028292100 12186800
18048762000 20425600
18062928400 14140600
18078010400 15043600
18090375100 12341700
18108046700 17649900
18120266100 12196300
18132188400 11898800
18144440800 12228700
18156801600 12335900
18178063200 21194800
18190341900 12246600
18205792200 15406900
18224468400 18650800
18247375500 22879000
18259184000 11785200
18280520300 21277000
18293913300 13350200
18305765400 11812900
18318367200 12569100
18331451800 13047000
18343140800 11663300
18355358600 12186200
18376400100 21007000
18388297500 11862400
18400081600 11759200
18413465800 13361700
18425157700 11666400
18446151800 20971000
18468999500 22788900
18491893000 22870400
18505046800 13133500
18526512400 21435900
18548334200 21796100
18560720400 12362000
18572250100 11464600
18585312800 13043000
18598005000 12672600
18609870800 11845400
18643167700 33256200
18655332500 12142000
18677643000 22291100
18690406300 12741100
18712307500 21881500
18723568400 11241500
18734588400 11001700
18745730900 11103200
18759126600 13367600
18771275000 12119500
18793766100 22471600
18804823700 11025600
18828363500 23516700
18851215800 22830000
18864388200 13152500
18876104200 11697900
18888316200 12183300
18899851900 11490000
18922423600 22551800
18945137100 22693400
18968031500 22874500
18990915300 22862100
19004364500 13427300
19018621500 14236200
19030633000 11979100
19070382300 39729700
19105630700 35222900
19129853100 24201600
19153294000 23420100
19165152400 11837100
19177251600 12067400
19189778600 12504400
19238324200 48522100
19261732800 23328100
19273490900 11627100
19288031700 14522500
19356551400 68497200
19391949500 35349900
19403594700 11625000
19417119000 13504100
19428388800 11249300
19449941700 21532100
19461597700 11637400
19473564500 11946700
19485016700 11419700
