60653400 45104200
64749800 4040800
67535900 2767000
70534500 2955500
73853500 3278500
77458400 3574600
80096400 2625200
83811700 3651200
87067200 3242300
91276200 4186500
94941800 3636300
98840000 3872800
103319600 4450400
107167000 3776500
110388800 3203600
114901900 4497900
119095500 4171800
122451500 3338800
126254800 3786900
130387300 4107000
134268300 3867200
137079100 2798300
140380100 3287900
143884700 3491400
147461400 3550000
151234400 3756600
155430400 4172200
158976200 3531300
163273500 4281200
168026900 4732900
171859000 3817000
176586300 4710700
180459400 3858200
185555000 5078400
189435000 3865300
194098400 4653400
198678300 4564100
204403600 5708700
208880200 4452400
213824500 4930900
219312500 5449000
224834300 5492700
229638600 4789300
235830800 6174100
241349100 5501500
246827100 5463000
254276200 7408800
261817200 7525500
289096300 27265100
296322200 7210900
303696600 7360700
311040200 7328300
318658600 7587500
327136800 8463600
334899900 7737000
342091400 7177400
352449700 10330800
363876700 11412000
375392100 11494700
386775900 11365500
396835400 10048800
405746200 8893900
415942100 10178300
426382800 10426200
437759900 11359400
450954900 13181900
464632200 13660200
478646800 13987500
489473500 10802300
503817200 14328600
517192300 13353800
532429600 15209600
547288300 14841400
563137700 15836000
578964800 15807600
596973600 17977500
614150100 17162400
631974500 17796000
649409900 17421000
671272000 21838900
690857700 19570600
712902600 22025500
733787200 20851700
752892000 19082500
767556800 14642400
783488800 15906600
797557000 14037900
813504300 15934500
827931700 14413600
848151400 20204900
861734600 13556100
875483100 13726100
888059200 12565900
901175900 13105400
914027500 12825600
931487100 17445100
947375500 15874800
960509100 13107200
974423800 13904700
988158600 13725100
1000538000 12358100
1014967200 14398100
1029589800 14601200
1044634000 15033200
1059577300 14916400
1074211600 14619700
1088394500 14152100
1102092000 13680700
1118019200 15814700
1133513400 15394800
1147906800 14353200
1160803300 12885100
1191514800 30700400
1239096000 47572700
1253953100 14844400
1268541600 14568700
1281888100 13297200
1295825400 13910300
1309654000 13774000
1323049800 13365800
1338676800 15615900
1353600700 14891200
1367936100 14309400
1385719600 17760300
1398509800 12773300
1412016100 13491900
1424814500 12785800
1436653900 11786600
1449742500 13065500
1461533300 11777700
1474543100 12995900
1490772600 16211600
1506251900 15459300
1522706300 16439800
1536050800 13325000
1548036200 11975900
1560207500 12149600
1593187500 32958400
1617524200 24310700
1629554700 12005100
1654674000 25096100
1680141400 25442900
1704695900 24528200
1730522200 25795500
1744701600 14142200
1767682300 22955600
1779961900 12232000
1795921200 15935200
1829508800 33531800
1853151200 23616800
1876772500 23582600
1901800600 25004300
1921499800 19657600
1936605800 15066300
1949441100 12810600
1962415900 12946700
1977316500 14872400
2020489000 43125100
2044056800 23521600
2067506900 23413200
2080092200 12559900
2103307000 23191600
2126733700 23391100
2138793900 12036800
2163895500 25041000
2187103500 23184500
2210516200 23386600
2223991300 13449800
2237095700 13034100
2250662700 13543300
2270563500 19860500
2282883600 12295500
2295087400 12181800
2307464800 12355000
2324351200 16862800
2336810700 12435100
2348633400 11793500
2360286200 11624800
2382340200 22028800
2397108600 14707400
2409196700 12063700
2440680000 31458800
2463926500 23221300
2487152800 23201300
2499867000 12674400
2523778500 23883000
2536097800 12248900
2558880800 22744000
2582368300 23463800
2595448900 13003400
2617111500 21638100
2629394000 12257100
2652164000 22745000
2675322400 23127600
2687928500 12581600
2700578700 12609600
2713014600 12412200
2725182200 12123300
2736799400 11593500
2759460500 22625100
2770602000 11119000
2794550500 23928300
2817450300 22863700
2829305400 11818200
2852392200 23048500
2873998800 21582400
2886697000 12673200
2904787000 18064000
2922087600 17259800
2934081900 11969100
2949224600 15115900
2961721900 12428700
2982099100 20348700
3005097800 22949600
3021354500 16225500
3040084300 18704800
3063193900 23083800
3075049300 11767300
3086582000 11494900
3097990500 11388400
3109923800 11911500
3133684600 23735900
3145423800 11713200
3157534900 12075600
3182186400 24630700
3193781400 11562300
3205768600 11964100
3217714900 11923700
3240688000 22938900
3263801100 23090400
3275012000 11189900
3298696500 23664400
3310272800 11550200
3333605500 23308400
3345110400 11478800
3368602400 23467700
3380187700 11558900
3405298500 25088700
3416779700 11456300
3439678900 22875200
3462842500 23133200
3475553200 12673600
3497662400 22082700
3509774800 12088600
3521548400 11750800
3533493300 11907000
3545145500 11624100
3556871200 11704500
3568636300 11744500
3581559600 12901200
3604110900 22527500
3617864800 13729400
3640637400 22748800
3663778500 23115300
3699518200 35700200
3715423200 15870900
3728128000 12677300
3742248600 14090500
3754884100 12611200
3766663100 11731400
3778579000 11891800
3799205400 20600500
3831897400 32668000
3845449000 13510000
3857978900 12505800
3871576100 13573200
3883851000 12250600
3895561200 11662600
3908867900 13276200
3921963900 13071100
3950804900 28816100
3961919200 11082600
3986156000 24211400
4009508400 23321600
4021970500 12437800
4045090800 23095000
4068592600 23426200
4092518900 23840500
4121692900 29099900
4140239300 18495200
4157160000 16885400
4175089000 17901800
4189683400 14557700
4210675700 20833200
4227213000 16509200
4242208900 14966200
4269658200 27422500
4281484100 11799700
4304562000 23047600
4327741700 23150300
4350788500 23021100
4363964900 13150200
4377146400 13155300
4399266700 22101100
4421333700 22041300
4435475800 14113400
4447555700 12050200
4461534300 13943200
4491622700 30051500
4502956000 11304700
4526566800 23589900
4537575000 10972800
4561503500 23897100
4584530200 22989500
4596661400 12105500
4619403800 22716000
4630919600 11485100
4644990900 14046900
4659589400 14555800
4671972300 12357600
4692720600 20702100
4707760900 15016000
4721774500 13988900
4739869100 18070300
4753296800 13401000
4764922400 11597800
4786884100 21927300
4809776200 22862200
4834867400 25067100
4857146400 22244300
4880199200 23027000
4903261700 23032900
4916471300 13179900
4928509500 12012300
4941879000 13345000
4962164200 20261400
4985180400 22990100
4997403200 12196600
5020233800 22806700
5032046900 11778500
5055008100 22923100
5068004900 12971900
5079682200 11649400
5100434200 20666600
5123554500 23048400
5137308400 13706600
5149827100 12494200
5162659000 12788300
5175687400 13004500
5188657200 12945900
5207269500 18574900
5219923200 12629400
5242259300 22289200
5265257600 22972400
5277955400 12672400
5300125900 22146900
5311898300 11746800
5324113100 12189100
5335951000 11814200
5349865700 13883900
5372245700 22356800
5395285900 22972300
5440614800 45289700
5460058600 19407300
5480027700 19936900
5503014600 22962000
5533029300 29991100
5555560100 22384500
5578690800 23105000
5591933400 13216600
5606345700 14387300
5625564400 19176100
5639771600 14182400
5653696400 13899100
5673653500 19932600
5687014500 13335400
5700245100 13193100
5712111700 11841400
5725522100 13385200
5738392000 12846400
5751043600 12627300
5768169000 17101700
5780292100 12098800
5803169500 22854200
5826192900 22998800
5838185100 11968600
5863167700 24948000
5885513000 22230300
5898169700 12633900
5920753000 22529900
5933105700 12329000
5955370900 22241800
5967670700 12276500
5990280300 22550400
6003537600 13228500
6025133300 21571700
6037123900 11964000
6049472000 12323900
6061379700 11883900
6072783800 11380800
6086685000 13877400
6098597900 11889100
6111637700 13004000
6132821400 21159200
6155824300 22966500
6167545900 11697700
6190669600 23099900
6203522100 12825700
6225693800 22147600
6237677700 11958600
6249227600 11527300
6260526100 11277100
6272059400 11500200
6283122100 11043900
6310128800 26988000
6332426600 22253700
6356108700 23653900
6370667900 14535800
6384058500 13344100
6399181200 15069400
6425781600 26459800
6439452900 13646300
6453903400 14410200
6467213700 13285000
6479004000 11755600
6521158200 42130000
6544525200 23333400
6556850000 12293900
6571442500 14567900
6583634100 12167200
6596142200 12468400
6616670000 20503500
6628925500 12229000
6654874400 25902900
6667141600 12243300
6679355800 12188900
6701304200 21922600
6819008800 117679700
6833456100 14418300
6866977100 33491500
6878828300 11827500
6890903600 12052200
6902672900 11745800
6915009100 12312700
6927212200 12179900
6939476300 12240800
6952311900 12763700
6963714900 11379500
6998164000 34423200
7009697700 11509900
7036141000 26420900
7049981600 13816700
7081359600 31354200
7093323300 11937600
7116961300 23580100
7130058300 13071200
7152280000 22164900
7175755100 23448200
7198993400 23214200
7223658600 24641600
7246918200 23234300
7259236400 12292100
7271207600 11934200
7282847300 11605300
7294214600 11346000
7305805800 11558100
7316954600 11127000
7329289400 12316200
7340609200 11297300
7374508900 33867800
7408376900 33842300
7421866300 13463300
7434439800 12548800
7445933300 11466100
7457656800 11694500
7470258500 12576900
7504005600 33721800
7516382800 12309200
7538311900 21903700
7561302500 22965300
7573413100 12085800
7585691300 12232900
7597773900 12058700
7609150500 11327500
7621316700 12141300
7644244100 22902400
7667241700 22973300
7679157700 11891900
7702096900 22915300
7713957500 11835800
7725509000 11522700
7737565600 12034500
7749322300 11732200
7760847900 11501600
7794973000 34101200
7806816600 11801900
7818844400 12004400
7831775900 12908100
7843551700 11751300
7855524600 11948800
7868590200 13042200
7880498200 11883800
7911411500 30879800
7924637200 13200000
7946430100 21768500
7969543700 23075100
7981043100 11475900
8004419600 23342500
8029629800 25187000
8085126300 55450300
8108102500 22950600
8120572600 12443400
8143048500 22446200
8155272800 12185200
8177982900 22686700
8190009100 12003200
8212976200 22943700
8224521900 11522400
8236384400 11838600
8247856000 11447900
8260252100 12369600
8292145000 31850600
8307755600 15583500
8324186600 16381000
8342113800 17901200
8357863300 15703900
8369682600 11794000
8385107200 15399200
8400527300 15384800
8418052000 17494900
8436228400 18143800
8455628500 19372700
8481354200 25658100
8505203000 23784600
8528582900 23355000
8555024400 26407300
8577569600 22503700
8595146400 17540600
8608019000 12833700
8619594100 11549200
8631032100 11398500
8642343900 11288800
8659890100 17501200
8671518700 11588300
8683077700 11535200
8694852100 11750800
8771925600 77049400
8793102700 21148300
8828917600 35789300
8841106000 12164100
8863960700 22830800
8885836400 21807400
8897907000 12023700
8915334900 17403000
8928866700 13489800
8941586500 12695900
8956448400 14792700
8992744900 36271000
9009740000 16958700
9034485700 24721000
9046139100 11629500
9084745600 38543500
9107840100 23065900
9130772700 22888700
9146515300 15690200
9196219200 49616400
9219086100 22838900
9242176800 23065500
9255688100 13485600
9267754500 12040000
9279972600 12177800
9291268500 11272600
9303098800 11794800
9326178000 23047100
9337493500 11281300
9361013200 23480500
9384083500 23045800
9397285800 13176800
9418970700 21659900
9431683500 12688000
9453947900 22164000
9465950400 11979200
9477431000 11456800
9489128400 11674900
9501307500 12155800
9525953800 24621400
9538824200 12832500
9550766400 11918400
9562816800 12026400
9584537200 21660100
9596671900 12111100
9619518700 22795800
9631986100 12439700
9654411900 22401400
9677468400 23029900
9713892600 36369400
9745004000 31074100
9762776300 17748300
9785445900 22631300
9804191500 18721300
9815893300 11677500
9827650500 11734100
9839945000 12262000
9852593300 12625000
9865161200 12535400
9879710700 14490900
9894413600 14680100
9908637300 14183800
9920970000 12309200
9940185600 19179100
9953571700 13362800
9965788200 12193000
9977479700 11654600
9989820200 12317600
10004786800 14943300
10041691500 36876500
10061316500 19599200
10080034900 18692800
10092080300 12020700
10103758800 11656100
10131662400 27869700
10143005000 11306400
10181793600 38753800
10198834000 17016300
10214516900 15657700
10226171600 11629800
10245272700 19055900
10256803500 11496100
10270134700 13291600
10294187800 24030200
10320064900 25853600
10334975200 14886400
10359600300 24599200
10373200700 13576400
10406124500 32855900
10430374000 24223700
10457212500 26812700
10472280400 15040000
10499052900 26741200
10539722900 40642900
10553567100 13818200
10569123900 15516900
10592207500 23059200
10604491400 12252400
10617010400 12491400
10628714400 11680100
10647253400 18488600
10669747900 22470300
10692254000 22481100
10706910600 14599600
10719615300 12679500
10731642800 12002700
10744275300 12607700
10759036700 14724700
10770573700 11512900
10789576300 18982700
10810174800 20574300
10829265700 19065600
10849224900 19922900
10868266000 19018100
10881429500 13128500
10897077300 15600700
10908630000 11526700
10920073800 11421900
10932391500 12283700
10943846900 11417600
10956399600 12518700
10968365100 11941200
10980368200 11979100
10993821300 13430600
11006238300 12394400
11018683600 12402200
11030608400 11897400
11042748000 12116000
11055520200 12749400
11067832200 12286400
11090568600 22676800
11113614400 23020000
11125556000 11916100
11148627900 23048600
11166651300 18000100
11187311700 20636800
11200367200 13030600
11211221200 10829600
11238651900 27410000
11259191400 20496300
11282917900 23693600
11300952600 17991900
11326673700 25695400
11345214000 18498400
11360101400 14824000
11381212200 21085500
11412845300 31600500
11439220200 26331400
11454150200 14905700
11468528900 14342500
11493407300 24843200
11525536500 32092900
11546864200 21279400
11569694900 22785400
11603137600 33276000
11628462100 25300500
11644675600 16190600
11669602400 24889300
11683465200 13820300
11695393100 11874500
11707356800 11939400
11737986900 30593400
11760268100 22245200
11789068300 28777300
11800688400 11579600
11832916900 32184700
11920254200 87297100
11937241700 16952400
11973545000 36279600
11997831800 24258900
12031005000 33148100
12042595200 11566700
12064081900 21463800
12076453700 12334000
12116361900 39884800
12139887200 23488700
12155478800 15550400
12184236000 28718700
12203353400 19078000
12223922600 20534600
12241518700 17567500
12267267300 25724300
12287196100 19903600
12313652200 26427100
12334610400 20912200
12348240900 13599500
12364317600 16052500
12380675900 16335500
12405656300 24955400
12419873900 14179600
12437684200 17784200
12453097800 15390400
12479692900 26570100
12501143300 21413600
12521823300 20647700
12554889000 33023300
12585734500 30821100
12599111600 13351500
12626194900 27060000
12644098600 17879800
12665431200 21309500
12689550600 24095100
12709322700 19747200
12720921200 11572800
12732596200 11650000
12758989400 26369400
12785779100 26761000
12797770700 11968400
12809441000 11629300
12821768200 12272300
12833855600 12063100
12856452100 22558700
12876609700 20134600
12906210600 29577100
12923554000 17317500
12951046900 27466700
12978990300 27916900
12997517700 18503300
13014344100 16765700
13035975300 21606600
13067137400 31131400
13080230400 13068700
13097883200 17629100
13113767800 15848500
13129302200 15505000
13141318100 11991900
13159073700 17732200
13177469600 18371900
13194571100 17052200
13213543600 18919800
13225410400 11840100
13244665800 19231400
13265971700 21265700
13286095800 20100200
13312635300 26513400
13332663000 20001700
13345124900 12431900
13361918400 16770200
13373650300 11709100
13399981300 26295800
13413030700 12987100
13425072700 12017100
13437079600 11982300
13454033700 16930300
13472063300 17999500
13487197500 15082400
13498984700 11762500
13510183200 11174700
13532986200 22785400
13567682700 34673700
13582356900 14649200
13601268300 18888400
13618625100 17332400
13630534500 11888300
13655932700 25335700
13672516500 16545100
13688665600 16112200
13705703800 16979100
13719339100 13610800
13735578400 16213900
13758173000 22569800
13769312700 11115000
13799176800 29841700
13826268600 27066900
13851348900 25056700
13864589500 13212600
13878698800 14085000
13890310800 11588500
13915037500 24702900
13936126500 21064600
13954480100 18329900
13970115400 15608900
13988605600 18466100
14005960100 17329400
14022243200 16257600
14034483900 12212300
14049499400 14991600
14065761900 16223300
14083709500 17925700
14109503800 25771700
14136821500 27275500
14167028100 30170300
14184928900 17877200
14198534300 13581900
14248435700 49842400
14260612700 12152800
14302228000 41529300
14334325200 32074000
14357245800 22895500
14378413300 21130200
14398765900 20328700
14418562700 19773200
14451959000 33371500
14467469000 15485100
14486947300 19454100
14502086400 15114800
14516002400 13891500
14535263400 19236800
14557114000 21810600
14569794600 12654800
14598918300 29095500
14615101900 16156200
14641249800 26124200
14653710100 12427900
14681652900 27902800
14706238900 24561700
14722905500 16628200
14749126800 26184300
14761131000 11979900
14777000500 15846300
14803145600 26107100
14817066700 13889400
14834752000 17661900
14846765000 11987700
14869238800 22415500
14886542400 17254400
14899803900 13236400
14911712200 11884400
14949939700 38202900
14972193700 22228400
14984934700 12715400
15014989000 30031100
15028061500 13047400
15041050500 12963400
15054141400 13066200
15072405500 18238000
15089035800 16606500
15101674100 12611600
15123391800 21687800
15143683300 20263400
15156737700 13027600
15182987800 26214100
15205601500 22589600
15217958800 12332300
15239606300 21623700
15251887900 12243200
15264298400 12387300
15292734900 28409400
15307630500 14868300
15323948300 16294200
15345269500 21294100
15383520200 38226000
15396255200 12707900
15413936700 17656800
15436100000 22119600
15456654700 20509800
15477101500 20385800
15499775800 22648400
15519195000 19376300
15534870500 15652600
15548977200 14079800
15560881700 11881500
15577957800 17052600
15600736700 22740700
15614353100 13536900
15627116200 12722700
15655654600 28492700
15676385800 20699300
15688719800 12299200
15706449400 17705500
15718625400 12149400
15735692000 17024100
15747852800 12136200
15763392200 15514800
15776492100 13059700
15794196700 17680900
15806738500 12498100
15819593700 12831800
15839289100 19671400
15852020700 12698700
15872266300 20221700
15885711200 13420100
15905037000 19301300
15926213900 21142300
15945738100 19476200
15973171700 27408400
15990507800 17311700
16004829000 14263500
16017042600 12187900
16039250800 22184700
16052822400 13546400
16088828600 35982600
16104783700 15929900
16143299600 38487000
16156801200 13453600
16179007100 22182000
16213649000 34538300
16250057000 36379100
16273531900 23446200
16307373000 33806400
16342319200 34920900
16357837300 15446200
16372169300 14306600
16386049500 13845400
16412245700 26125500
16431902200 19609000
16455364200 23435100
16476110800 20702700
16525524000 49379500
16552263100 26677800
16594927500 42644300
16622074700 27121900
16651799500 29704600
16679903100 28076900
16705736000 25795300
16731475300 25717100
16754574100 23058400
16772071100 17435400
16800265600 28174000
16822433700 22147300
16834609400 12155800
16851354100 16724900
16867963900 16590500
16884971700 16986900
16923127600 38135600
16936178300 13030400
16974745100 38545600
17001004800 26232100
17022273200 21176200
17039885800 17592100
17052146000 12222000
17069499100 17334000
17096038500 26519300
17120349200 24270600
17132098200 11729200
17153417100 21286800
17170546300 17019900
17182762000 12195100
17205608800 22762600
17223187200 17531600
17242296700 19062800
17260863900 18547100
17282571000 21685700
17304033300 21442400
17696888100 392789500
17832827800 135918100
17957456000 124604800
18093363100 135875900
18196032400 102632700
18320270100 124204200
18467285400 146992500
18624963200 157657200
18794067300 169069300
18812296000 18174800
18963193400 150853000
18978691500 15451700
19109995200 131278600
19212690600 102670500
19326117700 113403500
19393138600 66998500
19506025000 112864100
19608580700 102502500
19766355200 157752000
19880170600 113777800
20083874200 203679800
20138200300 54289500
20262636700 124402300
20301463900 38796700
20420725800 119239800
20578468200 157691200
20590753400 12246100
20703142100 112342500
20827877800 124701200
20952354800 124433500
