1040193000 102562600
1062437900 22188800
1083889400 21424600
1106054300 22125600
1146584500 40467400
1172131800 25506100
1188766700 16613800
1229302900 40520600
1256400000 27063500
1276027600 19609300
1296457400 20343400
1313771200 17292900
1329574000 15789700
1346977600 17385400
1362978600 15980200
1378278700 15290600
1393357400 15066900
1416943400 23574400
1447209500 30237800
1473745900 26503400
1491647100 17879600
1524365400 32708400
1540887600 16507200
1559101300 18196100
1575360400 16244300
1591540800 16145900
1607631500 16079800
1625082100 17439100
1648314700 23211500
1680483100 32131500
1702314900 21786900
1721530000 19198800
1746380800 24819000
1792565200 46154600
1812012800 19436400
1834202600 22176300
1854272100 20043600
1871073200 16783300
1887734200 16650200
1904308800 16561200
1960951900 56606500
1978452000 17485800
1994771200 16305400
2012227700 17436700
2027880500 15642300
2044421200 16526300
2060962300 16518500
2081397500 20411200
2115638500 34210400
2142653700 26987100
2187590500 44907600
2206447700 18832100
2247043700 40568600
2275002400 27914000
2300993800 25968300
2353651000 52628900
2394803400 41128800
2419496500 24669000
2444363100 24828600
2460612600 16225900
2478906000 18270300
2498973300 20029600
2515262800 16266400
2530651400 15363400
2576283000 45609500
2602085600 25778000
2627923900 25798400
2655430400 27452800
2696512600 41030200
2734450300 37912900
2760033900 25519700
2785743300 25651300
2803562400 17792300
2821675300 18090100
2842077500 20364200
2863288600 21165600
2878591600 15255600
2894426700 15756800
2919714800 25242300
2935753400 15999500
2951089200 15312400
2994479700 43367800
3019042400 24494600
3042934000 23866600
3082570800 39613400
3099020500 16423000
3116020100 16975100
3159887900 43838200
3184267700 24342500
3199476400 15183100
3215018400 15485800
3236181700 21139600
3252073700 15867000
3273793600 21696800
3289200500 15382300
3304384900 15159000
3323338100 18929400
3353338800 29966100
3374488100 21105600
3425039100 50527000
3442089600 17025400
3459242900 17128800
3475660500 16368200
3493278500 17594200
3509200600 15895800
3557643500 48415200
3581776700 24105500
3605992500 24190900
3630284600 24255000
3699907900 69585200
3727550600 27602200
3752157300 24582200
3775804000 23493800
3800186000 24357300
3816090400 15881900
3840239600 24121900
3855219800 14957200
3870370500 15127800
3888946100 18552700
3903648000 14679200
3921321600 17640500
3950390100 29039900
3975167400 24714800
3999248000 24056200
4023240900 23952500
4047216700 23948900
4071276200 24035500
4096763100 25463900
4111746000 14947300
4126804400 15034400
4145879800 19052400
4169642000 23734000
4199497600 29817200
4220632000 21096000
4236755800 16095700
4250746100 13965300
4301148300 50381700
4324928100 23756900
4349012600 24051200
4366705700 17649600
4386076700 19347300
4410167200 24065400
4426886600 16696400
4443374700 16420500
4480823700 37402100
4497079500 16229300
4513823500 16720600
4552413300 38561300
4599717600 47240600
4615646900 15822600
4630660400 14966200
4645586700 14871100
4660074200 14447400
4706285600 46185500
4729416700 23103600
4746122000 16681100
4765464800 19319200
4788885000 23382500
4812387200 23476400
4837238600 24823500
4852685900 15409400
4872869400 20155300
4886738600 13846000
4908637100 21857100
4922053000 13388600
4944320300 22243200
4967644700 23298600
4991133800 23462800
5013626200 22460700
5039623400 25967500
5067986400 28299600
5082923300 14906100
5106274400 23293900
5120646600 14347400
5144361300 23677500
5167525200 23138700
5190832600 23282900
5204973800 14115900
5238407200 33409800
5252914200 14479800
5267378200 14440400
5280075500 12673100
5293327100 13231900
5331710600 38360700
5354568900 22817500
5400075900 45475700
5423223000 23121000
5446250300 23002000
5459531400 13256300
5472285100 12731900
5484909300 12590100
5507069300 22127700
5529371400 22277400
5543045900 13649200
5555748800 12679800
5576001000 20217300
5589005500 12979500
5601818000 12790600
5614446400 12606100
5634761400 20234000
5657663100 22877200
5680664000 22962500
5693766400 13077200
5715436300 21647800
5738298300 22839000
5751373200 13047900
5774823500 23428500
5796973800 22124700
5809846700 12847300
5822275900 12393400
5834531000 12233400
5846891800 12326800
5872769600 25857600
5886316900 13522000
5899275600 12934600
5930282700 30981600
5944583500 14275100
5964887700 20279000
5989752700 24839500
6011959200 22178400
6034783300 22801200
6057702000 22859400
6071408900 13683800
6092715500 21283700
6115627000 22886500
6138476200 22824300
6161488800 22988600
6175738600 14224000
6188950500 13188800
6207784600 18810200
6230747100 22936900
6253565000 22794500
6266147900 12555400
6288182800 22012300
6300472900 12249900
6324499300 24005100
6346873900 22346100
6361394300 14483700
6375357700 13938100
6393323500 17942200
6416933700 23584100
6439028200 22055400
6461883900 22831200
6475862800 13953400
6488537200 12650800
6500585900 12026900
6520016600 19411300
6532865300 12824400
6549242000 16343100
6561799300 12528500
6576721500 14899100
6589932200 13186700
6603562100 13606600
6625781000 22196400
6648672000 22853700
6671641500 22936500
6685819300 14153200
6706302500 20459900
6729083800 22758100
6751978300 22857700
6764474700 12466700
6786604000 22107200
6816351300 29724400
6839273000 22880600
6857817400 18512900
6870729700 12883000
6901218600 30442600
6923625500 22253200
6937268500 13615800
6960280700 22987800
6982323300 22017400
6995451900 13104800
7007945300 12470400
7024770900 16800800
7050487900 25678500
7069171200 18646600
7087663200 18467900
7101250000 13562000
7121506100 20218900
7144431600 22901700
7157416900 12962300
7170454900 13014800
7182922900 12432400
7195195400 12251400
7209430200 14198400
7222192100 12738400
7234999200 12783100
7247195100 12173700
7259912600 12685300
7304329600 44392300
7331660300 27283300
7345764300 14054000
7385288300 39497600
7408190000 22873500
7420797100 12576000
7432942300 12122500
7445843400 12871400
7466254300 20383400
7489206600 22927000
7512014300 22780700
7525050400 13012200
7546728000 21653800
7569567400 22803200
7595676600 26072600
7609448100 13747100
7623425700 13925000
7636384000 12920800
7649698200 13276400
7662558600 12835700
7708407700 45825300
7731177500 22736900
7754882600 23666400
7777534000 22614200
7795279600 17711900
7811616500 16301000
7824835200 13168900
7838646900 13769200
7858379400 19689700
7877732300 19301200
7892932700 15175100
7907382600 14421400
7927294100 19888000
7950184300 22863900
7963267200 13025400
7984751700 21461600
7998675600 13897900
8020646700 21936500
8041106400 20416300
8062111900 20977700
8078033300 15896200
8091505000 13446500
8112721500 21192900
8135573000 22826500
8148401700 12804400
8170151300 21729400
8182775500 12599800
8204803200 21988500
8217976900 13136600
8239492000 21489700
8252651900 13121900
8265110800 12436500
8277303900 12169600
8316823000 39488300
8332752500 15904100
8359862000 27046100
8381541800 21649300
8401309000 19729300
8414269600 12924000
8431132900 16830800
8447702800 16528200
8466830800 19095400
8482387000 15421100
8495139200 12728800
8507821500 12661600
8521008200 13164700
8535077900 14046100
8548490500 13371100
8563552200 15008800
8577581300 14003400
8615239400 37634400
8637991600 22726300
8650911900 12893500
8672641900 21693400
8695660200 22993500
8718428900 22740900
8742240500 23763700
8755573800 13292900
8792762300 37142500
8810762800 17972000
8825795100 15007300
8838341400 12522800
8850793000 12428900
8892119600 41293400
8914129500 21972900
8936665100 22496500
8954328000 17633100
8972308800 17956700
8991838500 19502600
9008256400 16394300
9020762700 12482300
9041008400 20220800
9063810800 22780100
9086841500 23006400
9099646000 12761300
9121302000 21632800
9144180300 22854800
9158888900 14684100
9178793900 19878800
9201894800 23070800
9278170100 76227300
9295169500 16964300
9317981800 22788200
9347594500 29587300
9387348200 39727600
9409040400 21667300
9434159800 25092600
9450405100 16203400
9473072100 22641200
9487547000 14449300
9501672300 14095000
9514613300 12916600
9528695500 14046700
9541798700 13065600
9554402700 12567300
9603545700 49118500
9626498300 22929000
9639131700 12611500
9662334100 23158700
9685373900 23005000
9705491500 20073200
9724372800 18854400
9742662100 18264100
9765538300 22852000
9780492800 14918300
9795171000 14652200
9807868500 12673400
9820761500 12870900
9858568200 37783300
9899540300 40947300
9913322100 13756400
9926793700 13447900
9943504500 16687000
9957138000 13559200
9974919900 17758300
9989881700 14937900
10039489700 49582300
10063924700 24410400
10086075700 22127400
10129175500 43034100
10154541600 25329800
10182606900 28032200
10211224500 28560100
10233057500 21796300
10249300100 16218800
10302554500 53230700
10326384600 23801300
10340942400 14534000
10363342500 22376100
10387349000 23982900
10410953100 23578900
10425934800 14958400
10440367600 14410200
10455799400 15410100
10474394600 18572200
10488541000 14122000
10511011400 22450200
10534833600 23793000
10560122800 25230600
10583987600 23819400
10607540800 23506000
10631334100 23767200
10647056600 15696600
10661425600 14343900
10680337600 18887500
10694395900 14033900
10708144400 13724200
10730456800 22291500
10744585900 14104400
10766689500 22059300
10790309100 23594500
10813956700 23623900
10840059200 26074900
10862353400 22268500
10886050600 23672700
10901977800 15902000
10916027900 14027100
10934487700 18436900
10948482100 13969300
10970342900 21838600
10985751200 15383800
11007368400 21590600
11021401400 14010100
11036046700 14622000
11055253800 19170300
11070255500 14977000
11090866500 20588000
11114159900 23268500
11137452000 23258800
11150742600 13263900
11164315200 13551200
11186339900 21990000
11201220600 14839500
11221678900 20417600
11258057600 36308300
11281135900 23029100
11300021000 18859200
11338596000 38545900
11361830500 23208100
11375679200 13824400
11391408400 15690200
11411358900 19927300
11425112900 13712600
11445548100 20412100
11468691500 23120600
11481484100 12769500
11503514000 22006700
11526449300 22912200
11540722900 14249800
11561504600 20757700
11584462200 22835300
11607487300 22982900
11630472400 22959600
11653418100 22916400
11667211700 13768800
11690261500 23025100
11712392200 22105800
11726753900 14329200
11741415200 14632800
11765762900 24311600
11788471800 22669500
11801233000 12732000
11818482700 17226300
11850494000 31985900
11873404900 22878300
11887466600 14036900
11907921300 20431600
11920960300 13005500
11936977100 15993100
11950072000 13071500
11962357400 12262000
11978029500 15631300
12001983100 23892200
12026503600 24498300
12047817100 21274200
12060621500 12762600
12073545800 12901000
12094156700 20584100
12116916900 22709100
12139777000 22837000
12162860800 23041400
12176735400 13822300
12189517400 12758700
12202593500 13053400
12220981300 18365200
12234533300 13529600
12247469800 12913600
12267074300 19580800
12279900000 12801300
12304498000 24575300
12325910100 21388200
12349211000 23270800
12372405500 23135800
12400667900 28211100
12414400200 13669400
12440008900 25584500
12452832500 12798700
12474692100 21837000
12487481500 12767400
12509253700 21754600
12521848500 12571300
12543911400 22040100
12556181400 12243800
12571543800 15338600
12590289800 18717600
12603996500 13681400
12618319800 14265100
12636773000 18430100
12650937200 14139900
12664140000 13180000
12676390900 12213400
12689546500 13132200
12702208900 12641000
12741709200 39466800
12785029300 43285200
12799948400 14892700
12820784800 20798100
12834852000 14040400
12848113400 13198500
12890008300 41873200
12913009700 22975600
12925850100 12812500
12947612500 21739500
12970283200 22644000
12983284100 12976200
13007082900 23777100
13028943800 21837800
13041851300 12883100
13054108800 12235200
13066318400 12137100
13087080700 20743500
13109983500 22878200
13122828300 12817500
13144608500 21757300
13157571700 12939800
13179669500 22063900
13202057100 22359500
13224938800 22856900
13237897100 12933600
13259477400 21558200
13271909600 12410000
13284123500 12183100
13296554400 12382700
13319727000 23151000
13341820600 22041600
13364655200 22809900
13377475800 12795000
13389899900 12403500
13402110700 12188300
13422654300 20511600
13436015800 13339800
13457383800 21344500
13480216800 22809600
13492895400 12657400
13514780300 21864200
13537757000 22953800
13560552800 22769400
13583466700 22883200
13596629900 13122300
13618087400 21434000
13643014700 24902200
13665059200 22020700
13677903800 12815900
13699616600 21688900
13712043500 12401500
13724358900 12282700
13739352400 14970300
13762211900 22791200
13783917500 21656500
13803557400 19595900
13817134200 13552300
13838278700 21108500
13861039100 22735300
13873481800 12418900
13895562200 22058100
13918518700 22932100
13932681600 14119200
13955430800 22725300
13977243300 21787400
13990262100 12994200
14002666200 12381500
14015844800 13146100
14028251400 12384100
14068739100 40467000
14091602100 22837900
14117582900 25942800
14137218600 19613000
14150531700 13289400
14171893100 21336200
14185505100 13587300
14198206400 12678300
14218297300 20069000
14241200800 22880100
14253526600 12301400
14275704300 22122700
14289920600 14193400
14311917900 21970400
14335578900 23617200
14352577000 16959800
14369061600 16434300
14388437700 19330900
14403794100 15331100
14417416500 13581000
14438320900 20881500
14461188900 22843100
14474240300 13028500
14495836500 21577100
14517916800 22011800
14539498700 21539500
14559851800 20312300
14579420600 19541400
14599383800 19833100
14621910000 22502400
14635330000 13395800
14658485600 23125700
14680628600 22117400
14693310300 12657500
14705652000 12318700
14717726200 12053600
14738736300 20990000
14761849700 23090200
14774237400 12363600
14796144400 21872300
14855377700 59209200
14883079300 27675600
14905891800 22787200
14918677900 12763900
14931812300 13110200
14945001300 13163000
14963874000 18846200
14986594400 22678200
15009906300 23278500
15090562600 80631900
15105145700 14552200
15119086000 13916900
15131588900 12479300
15144342500 12730800
15158903100 14533300
15202753700 43796000
15221186100 18396200
15237379200 16169200
15255551900 18147500
15273317700 17731200
15286938200 13596800
15299517400 12553500
15319653600 20110100
15333983800 14305800
15359137600 25122900
15373281500 14106700
15416026000 42720600
15438820400 22766400
15463064100 24219900
15475643000 12557400
15497533800 21868100
15521140300 23537800
15542645900 21469000
15561809400 19126800
15577899400 15985400
15591586400 13646900
15604511300 12902200
15624574900 20041100
15647124400 22524500
15660859000 13709500
15681742800 20836200
15694935700 13167700
15707776600 12817800
15720474700 12674100
15739839000 19328500
15753741500 13880200
15770413800 16645200
15787523000 17085700
15810407400 22849500
15833689100 23242700
15846581500 12868800
15859227900 12589300
15879723300 20472000
15902625400 22879800
15915629800 12951200
15937062900 21409800
15959900600 22811900
16013787300 53852000
16027540600 13726300
16042050000 14485600
16061489800 19409000
16076300800 14687200
16108082300 31752300
16121306600 13199100
16144066000 22737800
16166809500 22719100
16189626200 22787800
16212449700 22789000
16229090500 16600900
16243364300 14250200
16269952700 26546900
16292873100 22888100
16315787800 22889200
16329277300 13463700
16350399400 21100400
16373206700 22784100
16396005200 22772700
16420559100 24528500
16444164000 23560300
16473372100 29176700
16512232200 38835100
16533762700 21504500
16556568300 22776500
16576864200 20272500
16591299300 14371000
16604248100 12925000
16626001600 21728500
16638958900 12934400
16660435100 21424600
16683445500 22985500
16713363200 29894500
16736035100 22647600
16758387700 22301700
16792889600 34443500
16812492900 19579900
16834695300 22175500
16850455200 15736000
16863961600 13482600
16877146000 13140800
16896676000 19507000
16910626600 13925800
16931337100 20687200
16954136100 22773800
16966855100 12694500
16988690800 21801600
17001505200 12791200
17025717300 24178300
17039731500 13987100
17059127900 19372100
17072117500 12963900
17093685500 21544600
17106585700 12872300
17128271900 21663100
17141360300 13062600
17154491700 13098000
17166764500 12207300
17186296800 19499500
17204703900 18381500
17228489600 23752200
17248461300 19925000
17266733700 18247100
17279551100 12781300
17301397500 21823800
17326500300 25081100
17348426400 21904300
17393129900 44667400
17424428500 31271900
17437957600 13476500
17450503800 12521500
17463075000 12548000
17475499200 12401400
17487947600 12425800
17519797200 31815800
17533223100 13401100
17554305000 21060700
17567016400 12680400
17588945700 21907500
17601649000 12679900
17623521300 21850400
17638538500 14994900
17657837200 19271800
17672196900 14334300
17685089300 12854900
17697456800 12342500
17717617000 20138200
17731083700 13442600
17752091200 20968600
17775037700 22921200
17797906200 22842600
17811019300 13087800
17832463000 21408400
17845299300 12809900
17867008500 21685000
17881244600 14212400
17912956400 31675600
17935663000 22681300
17958579800 22892100
17981597300 22992400
18006744200 25102200
18028473700 21705500
18042353100 13848700
18057903700 15523600
18072272200 14343300
18090206400 17908000
18111719200 21473600
18139255800 27510600
18161341200 22046200
18197642400 36241200
18220426500 22758400
18243316300 22865500
18256492900 13153400
18277934900 21418100
18300828100 22871200
18313146500 12294000
18335404900 22225100
18348102300 12669300
18369974000 21850800
18382698400 12701100
18404626700 21904900
18418062400 13412200
18430339600 12253200
18442536200 12139100
18464998400 22442300
18478032500 12998500
18498456900 20402000
18511332600 12853100
18533095500 21731300
18559146200 26017900
18579661300 20475100
18599675400 19980600
18613565300 13865900
18641536200 27925600
18660961000 19383900
18673653700 12661700
18693758200 20070700
18705889100 12106500
18721198200 15286400
18740287600 19065900
18763068500 22740500
18788131600 25037400
18810140800 21984600
18822594500 12431400
18835021700 12404400
18847848300 12804400
18868231900 20359000
18890978400 22712200
18913981600 22965800
18928678200 14648200
18948586900 19885900
18971515200 22903800
18994291700 22740000
19006345400 12028500
19018770800 12405000
19031228600 12434900
19043823600 12574000
19056276900 12430600
19068263500 11963000
19088930500 20647300
19101215100 12261500
19123443400 22195600
19146292100 22825100
19159118900 12801700
19180789100 21633300
19194775200 13962300
19215479200 20679000
19229940000 14423900
19242607000 12644200
19255743100 13071400
19268823100 13057300
19285366700 16507700
19308176800 22787300
19331007700 22807600
19344495900 13463800
19365601500 21069100
19380382700 14755900
19393245000 12826200
19413142300 19876700
19426615100 13447500
19444144500 17496500
19457527700 13314000
19480852400 23265700
19502736100 21857200
19526643900 23885300
19539733600 13064800
19552040000 12283500
19565236600 13175700
19580631300 15369700
19604152100 23480100
19623956900 19723600
19646210600 22213200
19659648100 13412100
19675660700 15983900
19692797000 17110300
19710323600 17502300
19733132400 22784100
19756031700 22873900
19769719200 13623400
19782816400 13070900
19803776700 20930700
19827980900 24108300
19850214100 22194300
19868154200 17902800
19885030800 16846200
19898333900 13281100
19918657700 20303000
19941544600 22860500
19964544300 22978100
19979185500 14614300
19999177700 19970500
20021960100 22762000
20044785200 22799500
20065815200 20991400
20087486200 21638400
20106112900 18599700
20119617300 13484200
20138251600 18613300
20150524800 12253000
20162773400 12231400
20184638800 21847900
20207506400 22848200
20220855700 13325500
20242084100 21210100
20255174700 13071300
20267449100 12243500
20279673100 12204900
20300108400 20418800
20312343600 12213900
20334796900 22437100
20357583000 22766900
20380484200 22881500
20393580200 13070900
20406351200 12750500
20419552100 13183000
20440543700 20971800
20463328900 22763200
20486202100 22850700
20509092500 22867400
20531954000 22839000
20871267500 33929200
20897173900 25867900
20912606800 15414300
20935355800 22728900
20957548500 22167500
20992623600 35030600
21006753600 14083200
21020617100 13825000
21038620000 17982600
21051490900 12848900
21066641300 15130200
21085455800 18793400
21109309900 23825200
21121800000 12469700
21143688800 21868300
21166641800 22919500
21180260100 13557000
21192959400 12679300
21206185800 13206000
21224877000 18670400
21238614200 13716800
21259198900 20547100
21271814200 12594300
21285736300 13901300
21305666400 19904900
21328588100 22901300
21341346800 12732900
21363179800 21800400
21376073800 12872900
21399074900 22981500
